0	0
0	1
0	2
0	3
0	4
0	5
0	6
0	7
0	8
0	9
0	10
0	11
0	12
0	13
0	14
0	15
0	16
0	17
0	18
0	19
0	20
0	21
0	22
0	23
0	24
0	25
0	26
0	27
0	28
0	29
0	30
0	31
0	32
0	33
0	34
0	35
0	36
0	37
0	38
0	39
0	40
0	41
0	42
0	43
0	44
0	45
0	46
0	47
0	48
0	49
0	50
0	51
0	52
0	53
0	54
0	55
0	56
0	57
0	58
0	59
0	60
0	61
0	62
0	63
0	64
0	65
0	66
0	67
0	68
0	69
0	70
0	71
0	72
0	73
0	74
0	75
0	76
0	77
0	78
0	79
0	80
0	81
0	82
0	83
0	84
0	85
0	86
0	87
0	88
0	89
0	90
0	91
0	92
0	93
0	94
0	95
0	96
0	97
0	98
0	99
0	100
0	101
0	102
0	103
0	104
0	105
0	106
0	107
0	108
0	109
0	110
0	111
0	112
0	113
0	114
0	115
0	116
0	117
0	118
0	119
0	120
0	295
0	792
1	121
2	24
2	60
2	79
2	102
2	122
2	123
2	124
2	125
2	126
2	127
2	129
2	130
2	131
2	132
2	133
2	134
2	135
2	791
3	136
4	2
4	7
4	9
4	13
4	17
4	18
4	20
4	39
4	41
4	44
4	47
4	49
4	50
4	52
4	55
4	59
4	64
4	68
4	72
4	73
4	75
4	76
4	77
4	79
4	81
4	82
4	84
4	85
4	86
4	87
4	88
4	94
4	95
4	96
4	98
4	99
4	100
4	104
4	105
4	106
4	113
4	115
4	116
4	118
4	120
4	137
4	138
4	139
4	140
4	141
4	142
4	143
4	144
4	145
4	730
5	2
5	3
5	4
5	5
5	6
5	8
5	9
5	10
5	11
5	12
5	13
5	14
5	15
5	18
5	19
5	25
5	27
5	28
5	29
5	37
5	38
5	41
5	42
5	43
5	44
5	49
5	50
5	52
5	54
5	55
5	56
5	57
5	59
5	60
5	61
5	62
5	63
5	64
5	65
5	66
5	67
5	68
5	69
5	70
5	72
5	73
5	75
5	76
5	77
5	78
5	79
5	80
5	81
5	86
5	88
5	89
5	90
5	92
5	94
5	95
5	96
5	97
5	99
5	100
5	101
5	104
5	105
5	108
5	109
5	110
5	111
5	113
5	115
5	116
5	119
5	121
5	143
5	145
5	146
5	147
5	148
5	149
5	150
5	151
5	152
5	153
5	154
5	155
5	156
5	157
5	158
5	159
6	160
6	161
7	162
8	0
8	1
8	2
8	3
8	4
8	5
8	6
8	7
8	8
8	9
8	11
8	12
8	13
8	14
8	15
8	16
8	19
8	23
8	25
8	27
8	28
8	29
8	38
8	39
8	41
8	42
8	43
8	44
8	47
8	48
8	49
8	50
8	51
8	52
8	53
8	54
8	55
8	56
8	57
8	58
8	59
8	60
8	61
8	62
8	63
8	64
8	65
8	66
8	67
8	69
8	70
8	72
8	73
8	74
8	75
8	76
8	77
8	78
8	79
8	80
8	81
8	82
8	83
8	85
8	86
8	88
8	89
8	90
8	92
8	93
8	94
8	95
8	96
8	97
8	99
8	100
8	101
8	102
8	103
8	104
8	106
8	108
8	109
8	110
8	114
8	115
8	116
8	117
8	118
8	119
8	137
8	139
8	143
8	147
8	148
8	150
8	153
8	163
8	164
8	165
8	166
8	167
8	168
8	169
8	170
9	1
9	2
9	3
9	4
9	5
9	6
9	7
9	8
9	9
9	10
9	11
9	12
9	13
9	14
9	15
9	16
9	17
9	19
9	23
9	24
9	25
9	27
9	28
9	29
9	34
9	37
9	38
9	41
9	42
9	43
9	44
9	46
9	49
9	50
9	52
9	53
9	54
9	55
9	56
9	57
9	58
9	59
9	60
9	61
9	62
9	63
9	64
9	65
9	67
9	69
9	70
9	72
9	73
9	75
9	76
9	77
9	78
9	79
9	81
9	82
9	83
9	84
9	85
9	86
9	88
9	89
9	90
9	91
9	92
9	93
9	94
9	95
9	96
9	97
9	99
9	100
9	101
9	102
9	103
9	104
9	107
9	108
9	109
9	110
9	113
9	115
9	116
9	117
9	118
9	119
9	120
9	137
9	143
9	145
9	147
9	148
9	150
9	153
9	163
9	166
9	168
9	171
9	172
9	173
9	174
9	379
9	397
9	635
10	0
10	1
10	2
10	4
10	5
10	8
10	9
10	10
10	11
10	12
10	13
10	14
10	15
10	18
10	19
10	24
10	25
10	27
10	28
10	29
10	37
10	38
10	39
10	40
10	41
10	42
10	43
10	44
10	45
10	46
10	49
10	50
10	51
10	52
10	53
10	54
10	55
10	56
10	58
10	59
10	60
10	61
10	62
10	63
10	64
10	65
10	66
10	68
10	69
10	70
10	72
10	73
10	74
10	75
10	76
10	77
10	78
10	79
10	81
10	82
10	85
10	86
10	87
10	88
10	89
10	90
10	92
10	94
10	95
10	96
10	97
10	99
10	100
10	101
10	103
10	104
10	105
10	108
10	109
10	113
10	115
10	116
10	117
10	118
10	119
10	145
10	147
10	148
10	150
10	153
10	164
10	167
10	171
10	173
10	174
10	175
10	531
10	870
11	1
11	9
11	10
11	14
11	17
11	19
11	25
11	28
11	29
11	30
11	38
11	39
11	41
11	42
11	43
11	44
11	49
11	50
11	53
11	55
11	59
11	61
11	63
11	64
11	65
11	68
11	69
11	72
11	84
11	86
11	89
11	95
11	96
11	97
11	99
11	101
11	104
11	105
11	108
11	113
11	119
11	120
12	1
12	4
12	8
12	9
12	10
12	11
12	12
12	14
12	15
12	16
12	17
12	19
12	21
12	22
12	23
12	24
12	25
12	26
12	27
12	28
12	29
12	33
12	37
12	38
12	39
12	40
12	41
12	42
12	43
12	44
12	46
12	47
12	48
12	49
12	55
12	57
12	59
12	60
12	61
12	62
12	63
12	64
12	67
12	69
12	70
12	71
12	72
12	73
12	75
12	76
12	77
12	79
12	80
12	81
12	83
12	85
12	86
12	87
12	89
12	93
12	94
12	95
12	96
12	97
12	98
12	99
12	100
12	101
12	102
12	103
12	104
12	105
12	106
12	108
12	110
12	112
12	115
12	116
12	118
12	119
12	143
12	147
12	148
12	153
12	164
12	166
12	167
12	168
12	169
12	173
12	175
12	176
12	177
12	178
12	179
12	180
12	181
12	182
12	183
12	184
12	185
12	186
13	2
13	5
13	7
13	12
13	14
13	16
13	18
13	21
13	22
13	24
13	27
13	45
13	51
13	53
13	59
13	60
13	65
13	78
13	80
13	81
13	84
13	87
13	92
13	93
13	94
13	95
13	97
13	98
13	99
13	100
13	105
13	118
13	120
13	124
13	125
13	126
13	127
13	130
13	131
13	137
13	138
13	140
13	141
13	153
13	156
13	158
13	160
13	165
13	176
13	179
13	184
13	187
13	188
13	189
13	190
13	191
13	192
13	193
13	194
13	195
13	196
13	197
13	198
13	199
13	200
13	201
13	202
13	203
13	204
13	205
13	206
13	207
13	208
13	209
13	210
13	211
13	212
13	213
13	214
13	215
13	216
13	217
13	218
13	219
13	220
13	221
13	222
13	223
13	224
13	225
13	226
13	227
13	228
13	229
13	230
13	231
13	232
13	233
13	234
13	235
13	236
13	237
13	238
13	239
13	240
13	241
13	242
13	243
13	244
13	245
13	246
13	247
13	248
13	249
13	250
13	251
13	253
13	254
13	255
13	256
13	257
13	258
13	259
13	260
13	261
13	262
13	263
13	264
13	265
13	266
13	267
13	268
13	269
13	270
13	271
14	72
14	86
14	117
14	146
14	200
14	213
14	230
14	272
14	274
14	275
14	276
15	161
16	1
16	2
16	3
16	4
16	5
16	6
16	8
16	9
16	10
16	11
16	12
16	13
16	14
16	15
16	19
16	23
16	24
16	25
16	27
16	28
16	29
16	30
16	38
16	41
16	42
16	43
16	44
16	46
16	49
16	50
16	54
16	55
16	56
16	57
16	58
16	59
16	60
16	61
16	62
16	63
16	64
16	65
16	67
16	69
16	70
16	72
16	73
16	75
16	76
16	77
16	78
16	81
16	85
16	86
16	88
16	90
16	91
16	92
16	94
16	95
16	96
16	97
16	99
16	100
16	101
16	103
16	104
16	107
16	108
16	109
16	110
16	113
16	115
16	116
16	117
16	118
16	119
16	120
16	137
16	143
16	145
16	147
16	148
16	150
16	153
16	162
16	163
16	171
16	172
16	173
16	174
16	184
16	277
16	900
17	9
17	117
17	146
17	213
17	273
17	274
17	275
17	278
17	279
17	280
17	281
17	466
17	826
18	12
18	19
18	27
18	38
18	39
18	58
18	68
18	73
18	76
18	77
18	87
18	94
18	102
18	150
19	1
19	2
19	9
19	10
19	14
19	19
19	25
19	28
19	29
19	38
19	41
19	42
19	43
19	49
19	50
19	51
19	54
19	55
19	58
19	59
19	61
19	62
19	63
19	64
19	68
19	69
19	72
19	75
19	77
19	78
19	94
19	95
19	96
19	97
19	99
19	101
19	103
19	104
19	108
19	109
19	112
19	113
19	114
19	115
19	116
19	120
19	148
19	163
19	168
19	169
19	170
19	171
19	173
19	174
19	175
19	184
19	186
19	282
19	784
19	847
20	27
20	44
20	50
20	52
20	62
20	63
20	77
20	96
20	99
20	100
20	104
20	114
21	1
21	9
21	11
21	12
21	17
21	19
21	21
21	22
21	24
21	25
21	26
21	27
21	28
21	29
21	35
21	36
21	37
21	38
21	40
21	45
21	46
21	47
21	48
21	52
21	61
21	63
21	64
21	65
21	67
21	68
21	69
21	71
21	73
21	74
21	75
21	76
21	79
21	84
21	86
21	87
21	89
21	93
21	95
21	97
21	98
21	99
21	102
21	104
21	108
21	113
21	118
21	120
21	137
21	143
21	147
21	148
21	153
21	165
21	166
21	177
21	179
21	182
21	185
21	196
21	197
21	199
21	206
21	214
21	244
21	264
21	283
21	472
21	506
21	672
22	120
22	162
22	284
23	1
23	3
23	4
23	6
23	9
23	10
23	11
23	12
23	14
23	15
23	16
23	17
23	19
23	23
23	24
23	25
23	26
23	28
23	29
23	30
23	31
23	32
23	38
23	40
23	41
23	42
23	43
23	44
23	45
23	46
23	49
23	50
23	53
23	54
23	55
23	61
23	62
23	63
23	64
23	67
23	68
23	69
23	70
23	72
23	74
23	75
23	76
23	80
23	81
23	86
23	87
23	88
23	89
23	91
23	92
23	93
23	94
23	95
23	96
23	97
23	99
23	100
23	102
23	103
23	104
23	105
23	107
23	108
23	113
23	114
23	115
23	116
23	118
23	119
23	143
23	147
23	153
23	166
23	177
23	179
23	184
24	41
24	123
24	141
24	285
25	9
25	19
25	27
25	28
25	50
25	58
25	121
25	138
25	146
25	149
25	154
25	155
25	158
25	193
25	201
25	236
25	254
25	272
25	275
25	276
25	281
25	284
25	286
25	287
25	288
25	290
25	291
25	292
25	293
25	294
25	295
25	457
26	5
26	136
26	141
27	72
27	86
27	117
27	121
27	146
27	155
27	158
27	193
27	272
27	274
27	275
27	276
27	279
27	290
27	293
27	296
27	297
28	2
28	11
28	12
28	17
28	24
28	30
28	31
28	32
28	33
28	34
28	35
28	36
28	37
28	38
28	39
28	41
28	45
28	46
28	63
28	64
28	68
28	69
28	70
28	72
28	73
28	76
28	81
28	83
28	84
28	85
28	86
28	87
28	89
28	93
28	94
28	95
28	98
28	99
28	100
28	102
28	105
28	110
28	116
28	118
28	120
28	137
28	145
28	147
28	148
28	150
28	167
28	168
28	178
28	179
28	185
28	298
28	554
29	122
29	124
29	299
30	200
30	300
31	301
31	302
32	41
32	275
32	303
33	10
33	59
33	121
33	146
33	154
33	158
33	304
34	1
34	2
34	3
34	4
34	5
34	6
34	9
34	10
34	11
34	12
34	13
34	14
34	15
34	19
34	23
34	24
34	25
34	27
34	28
34	29
34	30
34	38
34	39
34	40
34	41
34	42
34	43
34	46
34	49
34	50
34	52
34	54
34	56
34	57
34	58
34	60
34	61
34	62
34	63
34	64
34	65
34	67
34	68
34	69
34	70
34	72
34	73
34	75
34	76
34	77
34	78
34	79
34	81
34	85
34	86
34	88
34	90
34	94
34	95
34	96
34	97
34	99
34	100
34	101
34	103
34	104
34	107
34	108
34	109
34	110
34	113
34	115
34	116
34	117
34	118
34	119
34	120
34	145
34	147
34	150
34	153
34	184
34	417
35	306
35	307
36	1
36	4
36	7
36	9
36	10
36	11
36	12
36	14
36	16
36	17
36	19
36	21
36	22
36	23
36	24
36	25
36	26
36	28
36	29
36	30
36	31
36	32
36	34
36	35
36	37
36	38
36	39
36	40
36	41
36	45
36	46
36	47
36	48
36	50
36	55
36	63
36	64
36	65
36	66
36	67
36	68
36	70
36	73
36	74
36	76
36	84
36	87
36	89
36	93
36	94
36	96
36	97
36	99
36	100
36	102
36	104
36	105
36	113
36	118
36	120
36	137
36	147
36	148
36	150
36	166
36	177
36	179
36	181
37	1
37	7
37	9
37	11
37	14
37	17
37	19
37	23
37	24
37	25
37	28
37	29
37	30
37	31
37	32
37	33
37	34
37	35
37	36
37	37
37	38
37	39
37	41
37	42
37	43
37	44
37	46
37	49
37	51
37	55
37	57
37	60
37	61
37	63
37	64
37	65
37	67
37	68
37	70
37	73
37	74
37	76
37	80
37	84
37	85
37	87
37	89
37	93
37	94
37	96
37	99
37	102
37	105
37	108
37	113
37	116
37	118
37	120
37	137
37	139
37	143
37	147
37	150
37	156
37	166
37	168
37	178
37	179
37	186
37	191
37	202
37	203
37	209
37	210
37	220
37	221
37	223
37	228
37	229
37	230
37	231
37	233
37	238
37	242
37	247
37	255
37	257
37	269
37	287
37	298
37	308
37	309
37	310
37	311
37	312
37	313
37	314
37	315
37	316
37	317
37	318
37	319
37	320
38	1
38	2
38	15
38	19
38	27
38	39
38	40
38	44
38	46
38	49
38	64
38	68
38	73
38	74
38	85
38	87
38	89
38	93
38	102
38	103
38	145
38	147
38	150
38	166
38	179
38	184
38	293
38	671
39	1
39	2
39	4
39	6
39	8
39	9
39	10
39	11
39	12
39	13
39	14
39	15
39	16
39	17
39	19
39	21
39	22
39	23
39	24
39	25
39	26
39	27
39	28
39	29
39	30
39	31
39	32
39	33
39	34
39	35
39	36
39	37
39	38
39	39
39	40
39	41
39	42
39	43
39	44
39	45
39	46
39	47
39	48
39	49
39	50
39	51
39	53
39	54
39	55
39	56
39	57
39	58
39	59
39	60
39	61
39	62
39	63
39	64
39	65
39	67
39	69
39	70
39	71
39	72
39	73
39	74
39	75
39	76
39	77
39	78
39	79
39	80
39	81
39	82
39	83
39	84
39	85
39	86
39	87
39	88
39	89
39	92
39	93
39	94
39	95
39	96
39	97
39	99
39	100
39	101
39	102
39	103
39	104
39	105
39	106
39	107
39	108
39	109
39	110
39	112
39	113
39	115
39	116
39	118
39	119
39	120
39	137
39	138
39	143
39	147
39	148
39	150
39	163
39	166
39	167
39	168
39	169
39	171
39	172
39	173
39	174
39	175
39	176
39	177
39	178
39	180
39	181
39	184
39	185
39	186
39	239
39	321
39	701
39	752
40	28
40	190
40	207
40	220
40	223
40	246
40	268
40	283
40	322
40	323
40	324
40	325
40	326
40	327
40	328
40	330
41	1
41	5
41	41
41	82
41	102
41	118
41	136
41	140
41	141
41	157
41	158
41	229
41	237
41	249
41	258
41	285
41	325
41	331
41	333
41	334
41	335
41	336
41	337
41	338
41	339
41	341
42	342
43	1
43	7
43	10
43	13
43	14
43	17
43	18
43	19
43	25
43	28
43	29
43	63
43	67
43	73
43	74
43	75
43	83
43	84
43	95
43	97
43	100
43	103
43	104
43	120
43	145
43	184
43	390
43	730
44	88
45	7
45	9
45	12
45	17
45	37
45	38
45	39
45	49
45	50
45	52
45	53
45	59
45	66
45	69
45	72
45	73
45	75
45	78
45	85
45	87
45	88
45	94
45	95
45	120
45	136
45	150
45	269
45	337
45	339
45	341
45	344
45	345
45	346
45	347
45	349
46	265
47	2
47	3
47	5
47	6
47	9
47	12
47	14
47	17
47	18
47	19
47	25
47	28
47	29
47	37
47	38
47	39
47	41
47	44
47	49
47	50
47	54
47	61
47	64
47	66
47	67
47	68
47	69
47	70
47	72
47	74
47	75
47	78
47	80
47	85
47	86
47	87
47	89
47	91
47	92
47	94
47	95
47	97
47	99
47	104
47	105
47	108
47	109
47	113
47	115
47	116
47	145
47	165
48	13
48	14
48	17
48	27
48	57
48	63
48	64
48	73
48	94
48	95
48	97
48	116
48	120
48	143
48	168
48	312
48	343
48	351
48	352
48	749
49	9
49	15
49	19
49	41
49	51
49	54
49	59
49	73
49	74
49	76
49	95
49	97
49	98
49	100
49	116
49	117
49	126
49	131
49	140
49	141
49	142
49	143
49	149
49	179
49	180
49	185
49	208
49	209
49	217
49	219
49	255
49	274
49	279
49	283
49	308
49	324
49	339
49	347
49	351
49	354
49	355
49	356
49	357
49	358
49	359
49	360
49	361
49	362
49	363
49	364
49	365
49	366
49	367
49	368
49	369
49	370
49	371
49	372
49	373
49	374
49	375
49	376
49	377
49	378
49	379
49	380
49	381
49	382
49	383
49	384
49	385
49	386
49	387
49	388
49	389
49	390
49	391
49	392
49	393
49	394
49	395
49	396
49	397
49	398
49	399
49	400
49	401
49	402
49	403
49	404
49	405
49	406
49	407
49	408
49	409
49	410
49	411
49	412
49	413
50	28
50	121
50	149
50	154
50	155
50	158
51	1
51	4
51	7
51	9
51	10
51	11
51	12
51	14
51	15
51	16
51	17
51	18
51	19
51	25
51	27
51	28
51	29
51	38
51	39
51	40
51	42
51	43
51	49
51	54
51	63
51	64
51	67
51	68
51	69
51	72
51	74
51	75
51	76
51	77
51	79
51	81
51	83
51	84
51	85
51	86
51	89
51	94
51	95
51	96
51	97
51	99
51	100
51	103
51	104
51	105
51	113
51	115
51	116
51	119
51	120
51	121
51	137
51	145
51	146
51	147
51	148
51	154
51	158
51	166
51	177
51	180
51	184
51	349
51	412
51	414
51	415
52	1
52	2
52	3
52	4
52	5
52	6
52	8
52	9
52	10
52	11
52	12
52	13
52	14
52	15
52	16
52	18
52	19
52	23
52	24
52	25
52	26
52	27
52	28
52	29
52	38
52	40
52	41
52	42
52	43
52	44
52	45
52	46
52	49
52	50
52	54
52	55
52	57
52	58
52	59
52	60
52	61
52	62
52	63
52	64
52	67
52	68
52	69
52	70
52	72
52	73
52	74
52	75
52	76
52	77
52	78
52	80
52	81
52	85
52	86
52	87
52	88
52	89
52	90
52	91
52	92
52	94
52	95
52	96
52	97
52	99
52	100
52	101
52	103
52	104
52	105
52	107
52	108
52	110
52	113
52	115
52	116
52	118
52	119
52	139
52	143
52	145
52	150
52	153
52	163
52	166
52	171
52	174
52	177
52	380
53	9
53	27
53	89
53	123
53	147
53	152
53	225
53	230
53	254
53	257
53	274
53	275
53	279
53	281
53	285
53	286
53	290
53	291
53	294
53	297
53	331
53	378
53	388
53	416
53	417
53	418
53	419
53	420
53	421
53	422
53	423
53	424
53	481
53	718
53	720
54	86
54	274
54	275
54	276
54	279
54	425
54	426
55	5
55	9
55	136
55	141
55	157
55	158
55	249
55	254
55	258
55	268
55	275
55	279
55	285
55	290
55	292
55	325
55	331
55	333
55	337
55	339
55	427
55	799
56	1
56	2
56	3
56	4
56	6
56	9
56	10
56	11
56	12
56	13
56	14
56	15
56	16
56	17
56	19
56	21
56	22
56	23
56	24
56	25
56	26
56	28
56	29
56	30
56	31
56	32
56	33
56	34
56	35
56	36
56	37
56	38
56	39
56	40
56	41
56	42
56	43
56	44
56	45
56	46
56	47
56	48
56	49
56	62
56	63
56	64
56	67
56	68
56	69
56	70
56	71
56	72
56	74
56	75
56	76
56	79
56	80
56	81
56	84
56	85
56	86
56	87
56	89
56	91
56	92
56	93
56	94
56	95
56	96
56	97
56	99
56	100
56	102
56	103
56	104
56	105
56	107
56	108
56	115
56	116
56	118
56	119
56	137
56	143
56	147
56	148
56	163
56	165
56	166
56	173
56	177
56	179
56	184
56	185
56	321
56	822
57	102
57	109
57	117
57	207
57	212
57	225
57	258
57	301
57	325
57	333
57	339
57	341
57	344
57	346
57	347
57	349
57	408
57	428
57	430
57	431
57	432
57	433
57	434
57	436
57	437
57	439
57	440
57	441
57	443
57	445
57	446
57	449
57	450
57	451
57	657
57	938
58	7
58	17
58	39
58	52
58	64
58	68
58	73
58	75
58	84
58	85
58	86
58	94
58	97
58	99
58	104
58	116
58	120
58	127
58	137
58	142
58	143
58	144
58	452
58	675
58	750
59	1
59	4
59	8
59	9
59	10
59	11
59	12
59	14
59	15
59	16
59	17
59	19
59	21
59	22
59	24
59	25
59	26
59	28
59	29
59	30
59	31
59	32
59	34
59	35
59	36
59	37
59	38
59	39
59	40
59	42
59	43
59	44
59	45
59	46
59	47
59	48
59	49
59	63
59	64
59	65
59	67
59	68
59	69
59	71
59	73
59	74
59	75
59	76
59	81
59	85
59	87
59	89
59	94
59	95
59	96
59	97
59	99
59	100
59	104
59	115
59	118
59	119
59	120
59	137
59	138
59	147
59	148
59	166
59	176
59	177
59	179
59	180
59	181
59	184
59	185
59	321
59	417
60	296
61	222
62	9
62	86
62	104
62	121
62	158
62	193
62	275
62	276
62	279
62	290
62	291
62	414
62	415
62	453
63	9
63	59
63	142
63	144
63	212
63	283
63	454
64	455
65	0
65	1
65	2
65	3
65	4
65	5
65	6
65	9
65	10
65	11
65	12
65	13
65	14
65	15
65	16
65	17
65	18
65	19
65	24
65	25
65	28
65	29
65	38
65	39
65	40
65	41
65	42
65	43
65	44
65	46
65	49
65	50
65	51
65	52
65	53
65	54
65	55
65	57
65	58
65	60
65	61
65	63
65	64
65	66
65	67
65	68
65	69
65	70
65	72
65	74
65	75
65	76
65	77
65	78
65	80
65	81
65	84
65	85
65	86
65	87
65	88
65	89
65	90
65	91
65	92
65	94
65	95
65	96
65	97
65	99
65	100
65	101
65	103
65	104
65	105
65	108
65	109
65	113
65	115
65	116
65	117
65	118
65	119
65	139
65	143
65	145
65	147
65	148
65	153
65	166
65	168
65	177
65	228
65	520
66	27
66	30
66	121
66	197
66	201
66	206
66	214
66	218
66	254
66	268
66	275
66	276
66	279
66	303
66	306
66	339
66	368
66	428
66	439
66	456
66	457
66	458
67	6
67	9
67	117
67	147
67	274
67	275
67	276
67	279
67	281
67	288
67	292
67	331
67	460
68	5
68	16
68	22
68	27
68	41
68	59
68	80
68	84
68	92
68	117
68	125
68	129
68	130
68	131
68	141
68	159
68	165
68	190
68	194
68	195
68	197
68	199
68	201
68	203
68	206
68	212
68	214
68	215
68	218
68	225
68	226
68	231
68	237
68	239
68	243
68	244
68	249
68	254
68	263
68	264
68	265
68	266
68	276
68	306
68	343
68	401
68	456
68	459
68	461
68	462
68	463
68	464
68	466
68	467
68	468
68	469
68	723
69	5
69	9
69	41
69	72
69	121
69	136
69	138
69	141
69	147
69	157
69	158
69	193
69	217
69	218
69	249
69	254
69	275
69	290
69	291
69	294
69	322
69	388
69	415
69	464
69	471
69	472
69	473
69	474
69	556
70	5
70	136
70	258
70	285
70	325
70	336
70	337
70	338
70	341
71	2
71	4
71	5
71	6
71	9
71	14
71	15
71	25
71	28
71	29
71	32
71	33
71	34
71	52
71	58
71	59
71	60
71	68
71	69
71	72
71	76
71	80
71	85
71	88
71	94
71	97
71	98
71	99
71	115
71	116
71	117
71	118
71	121
71	123
71	124
71	125
71	126
71	129
71	133
71	137
71	140
71	142
71	144
71	146
71	151
71	152
71	155
71	156
71	157
71	158
71	160
71	162
71	179
71	182
71	184
71	185
71	192
71	196
71	197
71	198
71	201
71	204
71	206
71	208
71	213
71	216
71	217
71	218
71	226
71	227
71	228
71	229
71	231
71	232
71	233
71	236
71	240
71	243
71	244
71	246
71	247
71	251
71	253
71	254
71	257
71	260
71	261
71	266
71	268
71	275
71	276
71	281
71	286
71	287
71	291
71	292
71	293
71	302
71	303
71	308
71	315
71	316
71	317
71	319
71	324
71	326
71	332
71	334
71	338
71	343
71	344
71	347
71	349
71	350
71	351
71	352
71	354
71	363
71	368
71	369
71	370
71	375
71	381
71	384
71	386
71	392
71	396
71	402
71	403
71	405
71	411
71	412
71	416
71	418
71	420
71	421
71	422
71	424
71	427
71	434
71	439
71	442
71	443
71	445
71	447
71	450
71	453
71	454
71	459
71	466
71	467
71	473
71	474
71	475
71	476
71	477
71	478
71	479
71	480
71	481
71	482
71	483
71	484
71	485
71	486
71	487
71	488
71	489
71	490
71	491
71	492
71	493
71	494
71	495
71	496
71	497
71	498
71	499
71	500
71	501
71	502
71	503
71	504
71	505
71	506
71	507
71	508
71	509
71	510
71	511
71	512
71	513
71	514
71	515
71	516
71	517
71	518
71	519
71	520
71	521
71	522
71	523
71	524
71	525
71	526
71	527
71	528
71	529
71	530
71	531
71	532
71	533
71	534
71	535
71	536
71	537
71	538
71	539
71	540
71	541
71	542
71	543
71	544
71	545
71	546
71	547
71	548
71	549
71	550
71	551
71	552
71	553
71	554
71	555
71	556
71	557
71	558
71	559
71	560
71	561
71	562
71	563
71	564
71	565
71	566
71	567
71	568
71	569
71	570
71	571
71	572
71	573
71	574
71	575
71	576
71	577
71	578
71	579
71	580
71	581
71	582
71	583
71	584
71	585
71	586
71	587
71	588
71	589
71	590
71	591
71	592
71	593
71	594
71	595
71	596
71	597
71	598
71	599
71	600
71	601
71	602
71	603
71	604
71	605
71	606
71	607
71	608
71	609
71	610
71	611
71	612
71	613
71	614
71	615
71	616
71	617
71	618
71	619
71	620
71	621
71	622
71	623
71	624
71	625
71	626
71	627
71	628
71	629
71	630
71	631
71	632
71	633
71	634
71	635
71	636
71	637
71	638
71	639
71	640
71	641
71	642
71	643
71	644
71	645
71	646
71	647
71	648
71	649
71	650
71	651
71	652
71	653
71	654
71	655
71	656
71	657
71	658
71	659
71	660
71	661
71	662
71	663
71	664
71	665
71	666
71	667
71	668
71	669
71	670
71	671
71	672
71	673
71	674
71	675
71	676
71	677
71	678
71	679
71	680
71	681
71	682
71	683
71	684
71	685
71	686
71	687
71	688
71	689
71	690
71	691
71	692
71	889
71	893
72	1
72	5
72	16
72	21
72	22
72	41
72	53
72	80
72	117
72	118
72	132
72	136
72	140
72	141
72	155
72	157
72	158
72	160
72	165
72	190
72	195
72	203
72	205
72	215
72	217
72	218
72	229
72	237
72	243
72	249
72	254
72	258
72	263
72	268
72	275
72	277
72	285
72	286
72	288
72	292
72	325
72	331
72	332
72	335
72	337
72	339
72	439
72	459
72	470
72	597
72	693
72	694
72	695
72	696
73	1
73	5
73	15
73	16
73	22
73	27
73	29
73	31
73	40
73	41
73	53
73	80
73	118
73	123
73	125
73	127
73	131
73	133
73	135
73	136
73	139
73	140
73	141
73	157
73	190
73	193
73	195
73	203
73	215
73	217
73	223
73	225
73	229
73	237
73	244
73	249
73	256
73	258
73	259
73	263
73	285
73	325
73	333
73	334
73	335
73	336
73	337
73	338
73	339
73	340
73	341
73	351
73	399
73	424
73	449
73	462
73	694
73	698
73	699
74	2
74	15
74	60
74	61
74	79
74	80
74	123
74	125
74	126
74	130
74	131
74	132
74	133
74	135
74	193
74	215
74	229
74	266
74	340
74	475
74	513
75	59
76	5
76	13
76	39
76	52
76	53
76	67
76	80
76	87
76	113
76	115
76	117
76	119
76	125
76	137
76	139
76	142
76	143
76	146
76	153
76	178
76	208
76	217
76	221
76	226
76	242
76	249
76	255
76	265
76	271
76	283
76	284
76	308
76	313
76	315
76	327
76	329
76	330
76	347
76	377
76	380
76	391
76	394
76	408
76	409
76	410
76	412
76	434
76	435
76	491
76	493
76	512
76	513
76	519
76	527
76	531
76	536
76	584
76	610
76	620
76	631
76	647
76	648
76	658
76	660
76	665
76	666
76	671
76	678
76	682
76	699
76	700
76	701
76	703
76	704
76	705
76	706
76	707
76	708
76	709
76	710
76	711
76	712
76	713
76	714
76	715
76	716
76	717
76	718
76	719
76	720
76	721
76	722
76	724
76	725
76	726
76	727
76	728
76	729
76	730
76	731
76	732
77	1
77	2
77	4
77	7
77	8
77	9
77	10
77	11
77	12
77	14
77	15
77	16
77	19
77	23
77	24
77	25
77	28
77	29
77	36
77	37
77	38
77	40
77	41
77	42
77	43
77	44
77	45
77	46
77	47
77	48
77	49
77	50
77	51
77	52
77	53
77	55
77	56
77	58
77	59
77	60
77	61
77	62
77	63
77	64
77	65
77	66
77	67
77	68
77	69
77	72
77	75
77	76
77	77
77	78
77	79
77	81
77	82
77	83
77	85
77	86
77	87
77	89
77	93
77	94
77	95
77	96
77	97
77	99
77	100
77	102
77	103
77	104
77	106
77	108
77	110
77	114
77	115
77	116
77	118
77	119
77	148
77	153
77	165
77	166
77	177
77	179
77	184
77	186
78	2
78	648
79	1
79	2
79	9
79	10
79	12
79	14
79	15
79	16
79	17
79	19
79	21
79	22
79	23
79	24
79	25
79	28
79	29
79	30
79	31
79	32
79	33
79	34
79	35
79	36
79	37
79	38
79	39
79	40
79	41
79	42
79	43
79	44
79	45
79	46
79	47
79	48
79	49
79	50
79	52
79	53
79	55
79	60
79	61
79	62
79	63
79	64
79	65
79	67
79	68
79	69
79	70
79	72
79	74
79	76
79	77
79	79
79	80
79	81
79	83
79	84
79	85
79	86
79	87
79	89
79	93
79	94
79	95
79	96
79	97
79	99
79	100
79	102
79	103
79	104
79	108
79	113
79	115
79	116
79	118
79	119
79	129
79	143
79	147
79	163
79	164
79	166
79	174
79	177
79	179
79	184
79	282
79	298
79	733
79	734
79	735
79	736
79	921
80	27
80	121
80	290
80	293
80	737
81	100
81	396
81	738
83	1
83	2
83	3
83	4
83	5
83	6
83	7
83	8
83	9
83	10
83	11
83	12
83	13
83	14
83	15
83	16
83	17
83	19
83	21
83	22
83	23
83	24
83	25
83	26
83	27
83	28
83	29
83	30
83	38
83	39
83	40
83	41
83	42
83	43
83	44
83	45
83	46
83	47
83	48
83	49
83	50
83	51
83	53
83	54
83	55
83	56
83	57
83	58
83	59
83	60
83	61
83	62
83	63
83	64
83	65
83	67
83	68
83	69
83	70
83	71
83	72
83	73
83	74
83	75
83	76
83	77
83	78
83	79
83	80
83	81
83	82
83	83
83	85
83	86
83	87
83	88
83	89
83	90
83	91
83	92
83	93
83	94
83	95
83	96
83	97
83	99
83	100
83	101
83	102
83	103
83	104
83	107
83	108
83	109
83	111
83	113
83	114
83	115
83	116
83	117
83	118
83	119
83	137
83	143
83	147
83	148
83	150
83	153
83	163
83	166
83	167
83	168
83	170
83	171
83	173
83	174
83	175
83	177
83	186
83	199
84	5
84	54
84	136
84	215
84	237
84	258
84	325
84	699
85	72
85	117
85	121
85	146
85	158
85	274
85	293
86	1
86	2
86	3
86	4
86	6
86	8
86	9
86	10
86	11
86	12
86	14
86	15
86	16
86	17
86	18
86	19
86	23
86	24
86	25
86	27
86	28
86	29
86	30
86	31
86	32
86	33
86	34
86	35
86	36
86	37
86	38
86	39
86	40
86	41
86	42
86	43
86	44
86	45
86	46
86	49
86	50
86	52
86	53
86	54
86	55
86	56
86	57
86	58
86	59
86	60
86	61
86	62
86	63
86	64
86	65
86	67
86	68
86	69
86	70
86	72
86	73
86	74
86	75
86	76
86	77
86	78
86	79
86	80
86	81
86	82
86	83
86	84
86	85
86	86
86	87
86	88
86	89
86	91
86	92
86	93
86	94
86	95
86	96
86	97
86	99
86	100
86	101
86	102
86	104
86	105
86	106
86	108
86	109
86	110
86	113
86	114
86	115
86	116
86	118
86	119
86	120
86	143
86	145
86	147
86	148
86	150
86	153
86	163
86	166
86	168
86	170
86	171
86	172
86	173
86	174
86	175
86	179
86	184
86	186
86	282
86	733
86	736
86	739
86	740
86	741
86	742
86	743
86	744
87	89
87	179
87	190
87	214
87	265
87	325
87	328
87	341
87	346
87	396
87	446
87	738
87	745
88	17
88	19
88	27
88	39
88	56
88	63
88	64
88	68
88	72
88	73
88	76
88	82
88	94
88	99
88	104
88	109
88	137
88	143
88	150
88	160
88	184
88	200
88	218
88	466
88	939
89	412
90	39
90	64
90	116
91	9
91	28
91	72
91	75
91	86
91	105
91	117
91	147
91	155
91	158
91	209
91	213
91	251
91	268
91	272
91	273
91	274
91	275
91	276
91	278
91	279
91	281
91	285
91	297
91	331
91	384
91	388
91	420
91	424
91	425
91	427
91	439
91	457
91	562
91	734
92	55
92	109
92	136
92	157
92	303
92	364
92	414
92	473
92	737
92	747
92	748
92	749
93	2
93	4
93	5
93	12
93	19
93	24
93	25
93	27
93	28
93	29
93	30
93	34
93	41
93	51
93	53
93	65
93	68
93	69
93	72
93	78
93	81
93	84
93	88
93	89
93	93
93	94
93	95
93	118
93	124
93	125
93	127
93	129
93	130
93	137
93	140
93	141
93	154
93	159
93	160
93	182
93	187
93	190
93	192
93	193
93	194
93	195
93	196
93	197
93	199
93	201
93	203
93	206
93	207
93	208
93	212
93	214
93	215
93	217
93	218
93	224
93	231
93	232
93	236
93	239
93	245
93	246
93	247
93	249
93	253
93	254
93	257
93	260
93	263
93	264
93	265
93	266
93	268
93	270
93	275
93	276
93	281
93	291
93	292
93	296
93	303
93	306
93	316
93	326
93	338
93	343
93	352
93	354
93	358
93	367
93	380
93	381
93	396
93	400
93	412
93	416
93	418
93	424
93	427
93	439
93	441
93	445
93	456
93	457
93	458
93	464
93	467
93	473
93	495
93	496
93	505
93	506
93	508
93	522
93	524
93	527
93	533
93	538
93	541
93	573
93	576
93	580
93	589
93	594
93	595
93	605
93	606
93	610
93	611
93	619
93	626
93	627
93	628
93	630
93	631
93	637
93	640
93	643
93	644
93	646
93	651
93	655
93	660
93	661
93	667
93	670
93	672
93	681
93	684
93	730
93	745
93	750
93	751
93	752
93	754
93	755
93	756
93	757
93	758
93	759
93	760
93	761
93	762
93	763
93	764
93	765
93	766
93	767
94	99
94	116
94	121
94	146
94	158
94	200
94	342
95	59
95	302
95	754
96	154
96	209
96	218
96	268
96	306
96	321
96	323
96	567
96	670
96	752
97	1
97	4
97	9
97	10
97	14
97	15
97	16
97	19
97	23
97	24
97	25
97	28
97	29
97	38
97	39
97	40
97	41
97	42
97	43
97	44
97	45
97	46
97	49
97	62
97	63
97	64
97	65
97	67
97	69
97	72
97	74
97	75
97	76
97	77
97	79
97	81
97	83
97	86
97	87
97	89
97	94
97	95
97	96
97	97
97	99
97	100
97	102
97	104
97	108
97	112
97	115
97	116
97	118
97	119
97	163
97	164
97	166
97	168
97	172
97	173
97	174
97	175
97	176
97	177
97	180
97	181
97	185
97	282
97	733
97	734
97	735
97	740
98	1
98	5
98	9
98	12
98	14
98	18
98	19
98	38
98	39
98	41
98	44
98	50
98	54
98	55
98	57
98	58
98	60
98	61
98	69
98	72
98	75
98	76
98	78
98	85
98	86
98	88
98	94
98	95
98	96
98	97
98	99
98	105
98	108
98	113
98	115
98	116
98	145
98	153
98	165
98	184
99	0
99	1
99	2
99	3
99	5
99	6
99	7
99	8
99	9
99	10
99	11
99	12
99	14
99	15
99	16
99	17
99	18
99	19
99	24
99	25
99	27
99	28
99	29
99	38
99	39
99	41
99	42
99	43
99	44
99	46
99	49
99	50
99	51
99	52
99	53
99	54
99	55
99	56
99	57
99	58
99	59
99	60
99	61
99	62
99	63
99	64
99	65
99	67
99	68
99	69
99	70
99	72
99	75
99	76
99	77
99	78
99	80
99	81
99	82
99	83
99	85
99	86
99	88
99	89
99	90
99	91
99	92
99	94
99	95
99	96
99	97
99	99
99	100
99	101
99	103
99	104
99	105
99	106
99	108
99	109
99	110
99	113
99	115
99	116
99	118
99	119
99	120
99	137
99	139
99	143
99	145
99	147
99	148
99	150
99	153
99	166
99	183
100	0
100	1
100	2
100	5
100	7
100	8
100	9
100	11
100	12
100	14
100	17
100	18
100	19
100	26
100	38
100	39
100	41
100	44
100	50
100	52
100	54
100	55
100	57
100	58
100	59
100	60
100	61
100	62
100	63
100	64
100	65
100	66
100	68
100	69
100	72
100	75
100	76
100	77
100	78
100	85
100	86
100	89
100	90
100	92
100	94
100	95
100	96
100	97
100	99
100	100
100	104
100	105
100	108
100	109
100	113
100	115
100	116
100	118
100	120
100	143
100	145
100	147
100	148
100	183
100	663
101	1
101	7
101	10
101	11
101	12
101	14
101	17
101	19
101	23
101	24
101	25
101	26
101	27
101	28
101	29
101	30
101	31
101	32
101	33
101	34
101	35
101	36
101	37
101	38
101	39
101	41
101	44
101	45
101	46
101	56
101	59
101	62
101	63
101	64
101	67
101	68
101	73
101	74
101	75
101	76
101	84
101	85
101	89
101	92
101	93
101	94
101	95
101	96
101	97
101	98
101	99
101	102
101	104
101	108
101	113
101	114
101	115
101	116
101	118
101	120
101	124
101	137
101	147
101	148
101	151
101	158
101	166
101	169
101	172
101	178
101	179
101	180
101	183
101	184
101	205
101	224
101	248
101	261
101	271
101	275
101	282
101	287
101	300
101	339
101	341
101	342
101	346
101	349
101	368
101	378
101	428
101	454
101	470
101	474
101	552
101	575
101	669
101	733
101	734
101	735
101	768
101	769
101	770
101	771
101	772
101	773
101	774
102	2
102	4
102	5
102	6
102	9
102	14
102	16
102	18
102	20
102	24
102	25
102	28
102	29
102	30
102	32
102	33
102	34
102	41
102	45
102	52
102	58
102	59
102	60
102	64
102	68
102	69
102	70
102	71
102	72
102	74
102	76
102	84
102	85
102	88
102	89
102	90
102	93
102	94
102	96
102	97
102	98
102	99
102	102
102	104
102	107
102	108
102	115
102	116
102	117
102	121
102	123
102	124
102	129
102	133
102	138
102	143
102	144
102	146
102	147
102	151
102	152
102	153
102	155
102	156
102	157
102	158
102	160
102	162
102	179
102	181
102	182
102	183
102	184
102	185
102	187
102	189
102	190
102	192
102	194
102	195
102	196
102	197
102	198
102	201
102	202
102	205
102	206
102	208
102	209
102	211
102	212
102	213
102	214
102	216
102	217
102	218
102	220
102	221
102	225
102	226
102	227
102	228
102	229
102	230
102	231
102	232
102	233
102	234
102	236
102	238
102	239
102	242
102	243
102	244
102	246
102	247
102	249
102	250
102	253
102	254
102	255
102	257
102	258
102	260
102	261
102	263
102	265
102	268
102	272
102	273
102	274
102	275
102	276
102	277
102	279
102	281
102	284
102	286
102	290
102	291
102	292
102	293
102	294
102	302
102	303
102	305
102	308
102	314
102	315
102	316
102	317
102	318
102	322
102	324
102	326
102	327
102	329
102	330
102	332
102	333
102	335
102	338
102	341
102	343
102	344
102	346
102	347
102	349
102	350
102	351
102	352
102	354
102	355
102	356
102	358
102	360
102	361
102	364
102	366
102	367
102	368
102	369
102	370
102	373
102	374
102	375
102	381
102	384
102	387
102	389
102	392
102	395
102	396
102	397
102	399
102	401
102	402
102	403
102	405
102	406
102	408
102	409
102	411
102	412
102	414
102	416
102	418
102	421
102	422
102	424
102	427
102	428
102	430
102	433
102	434
102	435
102	439
102	442
102	444
102	445
102	446
102	448
102	451
102	454
102	456
102	457
102	459
102	462
102	463
102	464
102	467
102	468
102	472
102	473
102	474
102	475
102	476
102	477
102	478
102	479
102	480
102	481
102	482
102	483
102	484
102	485
102	486
102	489
102	490
102	491
102	492
102	493
102	495
102	496
102	498
102	499
102	500
102	501
102	503
102	505
102	506
102	507
102	508
102	510
102	512
102	513
102	514
102	515
102	518
102	519
102	521
102	522
102	524
102	525
102	526
102	527
102	528
102	529
102	531
102	532
102	533
102	534
102	535
102	536
102	537
102	538
102	539
102	540
102	541
102	544
102	545
102	546
102	547
102	548
102	550
102	551
102	552
102	553
102	555
102	558
102	560
102	562
102	565
102	566
102	567
102	568
102	569
102	573
102	576
102	578
102	580
102	581
102	583
102	584
102	586
102	588
102	589
102	590
102	591
102	592
102	594
102	595
102	596
102	597
102	598
102	602
102	603
102	606
102	607
102	608
102	609
102	610
102	611
102	613
102	614
102	615
102	618
102	619
102	620
102	621
102	623
102	624
102	625
102	626
102	627
102	628
102	629
102	630
102	631
102	632
102	633
102	634
102	635
102	636
102	637
102	638
102	639
102	640
102	642
102	643
102	644
102	645
102	646
102	647
102	648
102	650
102	651
102	652
102	653
102	655
102	656
102	658
102	659
102	660
102	661
102	663
102	664
102	665
102	666
102	667
102	668
102	669
102	670
102	672
102	673
102	676
102	681
102	682
102	683
102	684
102	685
102	686
102	687
102	689
102	691
102	692
102	693
102	694
102	696
102	698
102	700
102	703
102	704
102	706
102	708
102	710
102	711
102	715
102	716
102	718
102	722
102	723
102	724
102	725
102	726
102	727
102	729
102	730
102	731
102	738
102	750
102	751
102	754
102	758
102	763
102	764
102	766
102	769
102	775
102	776
102	777
102	778
102	779
102	780
102	781
102	782
102	783
102	784
102	785
102	786
102	787
102	788
102	789
102	790
102	791
102	792
102	793
102	794
102	795
102	796
102	797
102	798
102	799
102	800
102	801
102	802
102	803
102	804
102	805
102	806
102	807
102	808
102	809
102	810
102	811
102	812
102	813
102	814
102	815
102	816
102	817
102	818
102	819
102	820
102	821
102	822
102	823
102	824
102	825
102	826
102	827
102	828
102	829
102	830
102	831
102	832
102	833
102	834
102	835
102	836
102	837
102	838
102	839
102	840
102	841
102	842
102	843
102	844
102	845
102	846
102	847
102	848
102	849
102	850
102	851
102	852
102	853
102	854
102	855
102	856
102	857
102	858
102	859
102	860
102	861
102	862
102	863
102	864
102	865
102	866
102	867
102	868
102	869
102	870
102	871
102	872
102	873
102	874
102	875
102	876
102	877
102	878
103	39
103	64
103	75
103	85
103	94
103	116
103	143
104	16
104	25
104	31
104	33
104	35
104	47
104	48
104	50
104	65
104	99
104	107
104	112
104	115
104	116
104	126
104	157
104	162
104	173
104	174
104	187
104	189
104	203
104	204
104	213
104	220
104	221
104	223
104	226
104	228
104	229
104	230
104	231
104	233
104	238
104	240
104	247
104	263
104	269
104	277
104	286
104	292
104	297
104	303
104	311
104	317
104	320
104	332
104	335
104	338
104	364
104	380
104	391
104	394
104	401
104	403
104	406
104	412
104	416
104	420
104	425
104	426
104	427
104	436
104	439
104	459
104	463
104	493
104	496
104	497
104	506
104	509
104	529
104	533
104	552
104	554
104	557
104	571
104	594
104	596
104	600
104	606
104	669
104	678
104	683
104	684
104	694
104	707
104	711
104	714
104	715
104	718
104	724
104	730
104	732
104	754
104	755
104	759
104	777
104	782
104	796
104	831
104	838
104	839
104	842
104	879
104	880
104	881
104	882
104	884
104	886
104	887
104	888
104	889
104	891
104	892
104	893
104	894
104	895
104	896
104	897
104	898
104	899
104	900
104	901
104	902
104	904
105	1
105	5
105	7
105	9
105	10
105	12
105	14
105	17
105	18
105	19
105	25
105	26
105	28
105	29
105	38
105	39
105	40
105	44
105	49
105	50
105	52
105	54
105	60
105	61
105	63
105	64
105	68
105	69
105	72
105	73
105	74
105	75
105	78
105	81
105	84
105	85
105	86
105	90
105	95
105	97
105	99
105	104
105	105
105	108
105	113
105	116
105	118
105	120
105	137
105	143
105	145
105	153
106	1
106	2
106	3
106	4
106	5
106	6
106	7
106	8
106	9
106	10
106	11
106	12
106	13
106	14
106	15
106	16
106	17
106	18
106	19
106	23
106	24
106	25
106	28
106	29
106	37
106	38
106	39
106	40
106	41
106	42
106	43
106	44
106	45
106	46
106	47
106	48
106	49
106	50
106	52
106	53
106	54
106	55
106	56
106	57
106	58
106	59
106	60
106	61
106	62
106	63
106	64
106	65
106	66
106	67
106	68
106	69
106	70
106	72
106	73
106	74
106	75
106	76
106	77
106	78
106	79
106	80
106	81
106	82
106	85
106	86
106	87
106	88
106	89
106	90
106	91
106	92
106	94
106	95
106	96
106	97
106	99
106	100
106	101
106	103
106	104
106	105
106	107
106	108
106	109
106	113
106	115
106	116
106	117
106	118
106	119
106	120
106	138
106	139
106	145
106	147
106	148
106	150
106	153
106	163
106	164
106	174
106	175
106	375
106	950
107	1
107	5
107	7
107	8
107	9
107	11
107	12
107	14
107	19
107	26
107	27
107	37
107	38
107	41
107	50
107	51
107	52
107	53
107	55
107	56
107	57
107	58
107	59
107	60
107	61
107	63
107	64
107	69
107	72
107	74
107	75
107	76
107	77
107	78
107	85
107	86
107	89
107	90
107	94
107	95
107	97
107	99
107	100
107	104
107	105
107	106
107	108
107	109
107	110
107	113
107	114
107	115
107	116
107	117
107	118
107	137
107	147
107	148
107	150
107	167
107	183
107	184
108	1
108	7
108	9
108	19
108	68
108	73
108	82
108	84
108	86
108	102
108	105
108	137
108	150
108	374
109	17
109	54
109	905
110	58
110	59
110	147
110	152
110	218
110	222
110	302
110	306
110	469
110	634
111	72
111	117
111	121
111	146
111	274
112	72
112	117
112	121
112	146
112	154
112	155
112	156
112	158
112	274
112	276
112	290
112	293
112	548
113	1
113	9
113	10
113	11
113	12
113	14
113	15
113	16
113	17
113	18
113	19
113	23
113	24
113	25
113	26
113	28
113	29
113	30
113	38
113	39
113	40
113	41
113	42
113	43
113	44
113	45
113	46
113	49
113	50
113	54
113	55
113	61
113	63
113	64
113	68
113	69
113	70
113	72
113	73
113	74
113	75
113	76
113	77
113	80
113	81
113	82
113	85
113	86
113	87
113	89
113	93
113	94
113	95
113	96
113	97
113	99
113	100
113	101
113	102
113	104
113	105
113	108
113	113
113	115
113	116
113	118
113	119
113	137
113	143
113	147
113	153
113	166
113	179
113	197
113	199
113	264
113	537
114	827
115	580
115	738
115	877
116	1
116	2
116	3
116	4
116	5
116	6
116	7
116	8
116	9
116	10
116	11
116	12
116	13
116	14
116	15
116	16
116	18
116	19
116	23
116	25
116	27
116	28
116	29
116	38
116	39
116	41
116	42
116	43
116	44
116	49
116	50
116	51
116	52
116	53
116	54
116	55
116	56
116	57
116	58
116	59
116	60
116	61
116	62
116	63
116	64
116	65
116	67
116	69
116	70
116	72
116	73
116	75
116	76
116	77
116	78
116	79
116	80
116	81
116	82
116	83
116	85
116	86
116	87
116	88
116	89
116	90
116	91
116	92
116	94
116	95
116	96
116	97
116	99
116	100
116	101
116	102
116	103
116	104
116	105
116	108
116	109
116	110
116	111
116	113
116	115
116	116
116	117
116	118
116	119
116	137
116	139
116	143
116	145
116	147
116	148
116	150
116	153
116	164
116	166
116	167
116	176
116	177
116	739
117	5
117	59
117	207
117	218
117	222
117	236
117	254
117	268
117	312
117	339
117	344
117	347
117	368
117	378
117	431
117	432
117	439
117	443
117	450
117	470
117	473
117	851
118	88
118	222
118	397
118	556
118	814
118	825
119	2
119	5
119	7
119	9
119	11
119	18
119	27
119	30
119	38
119	41
119	44
119	50
119	56
119	57
119	58
119	59
119	61
119	62
119	64
119	66
119	68
119	69
119	72
119	73
119	75
119	76
119	77
119	78
119	81
119	82
119	83
119	85
119	86
119	87
119	88
119	89
119	90
119	92
119	94
119	96
119	97
119	99
119	100
119	102
119	103
119	104
119	105
119	109
119	116
119	120
119	137
119	139
119	143
119	145
119	147
119	150
119	153
119	166
119	167
119	168
119	176
119	184
120	14
120	59
120	87
120	120
120	151
120	158
120	213
120	229
120	233
120	265
120	266
120	274
120	275
120	276
120	279
120	287
120	331
120	346
120	368
120	431
120	434
120	439
120	446
120	451
120	468
120	570
120	595
120	620
120	669
120	789
121	27
121	30
121	41
121	62
121	63
121	64
121	66
121	89
121	94
121	96
121	116
121	117
121	184
122	1
122	2
122	4
122	8
122	9
122	10
122	11
122	12
122	13
122	14
122	15
122	16
122	18
122	19
122	23
122	24
122	25
122	28
122	29
122	37
122	38
122	41
122	42
122	43
122	44
122	46
122	49
122	50
122	51
122	52
122	53
122	54
122	55
122	56
122	57
122	58
122	59
122	60
122	61
122	62
122	63
122	64
122	65
122	66
122	67
122	68
122	69
122	70
122	72
122	73
122	75
122	76
122	77
122	78
122	79
122	81
122	82
122	86
122	89
122	90
122	92
122	94
122	95
122	96
122	97
122	99
122	100
122	101
122	103
122	104
122	108
122	109
122	110
122	111
122	112
122	113
122	114
122	115
122	116
122	118
122	119
122	139
122	143
122	145
122	147
122	148
122	150
122	153
122	163
122	164
122	166
122	168
122	169
122	171
122	172
122	173
122	174
122	175
122	186
122	282
122	733
122	734
122	735
122	736
122	739
122	740
122	741
122	742
122	743
122	744
123	1
123	2
123	5
123	7
123	8
123	9
123	10
123	11
123	12
123	13
123	14
123	15
123	19
123	25
123	28
123	29
123	30
123	38
123	39
123	41
123	42
123	43
123	44
123	49
123	50
123	51
123	52
123	53
123	54
123	55
123	56
123	57
123	58
123	59
123	60
123	61
123	62
123	63
123	64
123	65
123	68
123	69
123	72
123	73
123	75
123	76
123	77
123	78
123	81
123	82
123	85
123	86
123	87
123	89
123	90
123	92
123	93
123	94
123	95
123	96
123	97
123	99
123	100
123	101
123	102
123	103
123	104
123	106
123	108
123	109
123	110
123	111
123	113
123	115
123	116
123	119
123	120
123	143
123	147
123	148
123	153
123	163
123	164
123	165
123	168
123	170
123	171
123	174
123	175
123	184
123	186
123	739
123	944
124	5
124	7
124	9
124	11
124	18
124	27
124	50
124	56
124	57
124	59
124	64
124	65
124	66
124	68
124	69
124	72
124	73
124	75
124	76
124	77
124	78
124	81
124	83
124	85
124	86
124	87
124	88
124	89
124	92
124	94
124	97
124	99
124	100
124	101
124	102
124	104
124	105
124	108
124	109
124	116
124	117
124	120
124	139
124	145
124	147
124	150
124	153
124	156
124	167
124	184
124	191
124	192
124	201
124	202
124	203
124	210
124	220
124	228
124	229
124	230
124	231
124	233
124	238
124	242
124	255
124	271
124	273
124	279
124	286
124	309
124	313
124	317
124	319
124	320
125	2
125	39
125	68
125	73
125	76
125	87
125	102
125	116
125	117
125	150
126	89
126	396
126	738
127	5
127	14
127	18
127	30
127	32
127	33
127	41
127	42
127	43
127	52
127	59
127	69
127	72
127	78
127	79
127	85
127	88
127	89
127	94
127	97
127	99
127	107
127	124
127	129
127	140
127	146
127	151
127	155
127	156
127	157
127	158
127	160
127	179
127	183
127	184
127	185
127	197
127	202
127	205
127	208
127	209
127	214
127	217
127	218
127	226
127	229
127	231
127	232
127	233
127	236
127	243
127	246
127	247
127	249
127	251
127	253
127	257
127	259
127	260
127	265
127	268
127	275
127	276
127	281
127	284
127	286
127	290
127	291
127	293
127	297
127	302
127	305
127	317
127	318
127	326
127	327
127	330
127	336
127	338
127	343
127	346
127	350
127	356
127	367
127	368
127	369
127	375
127	380
127	381
127	384
127	387
127	394
127	395
127	396
127	399
127	400
127	403
127	405
127	408
127	412
127	416
127	418
127	422
127	424
127	426
127	427
127	434
127	439
127	445
127	446
127	451
127	459
127	462
127	467
127	468
127	472
127	473
127	476
127	477
127	478
127	487
127	489
127	493
127	495
127	496
127	498
127	500
127	503
127	505
127	506
127	507
127	508
127	510
127	513
127	515
127	518
127	519
127	522
127	524
127	526
127	527
127	531
127	534
127	537
127	538
127	541
127	542
127	546
127	552
127	553
127	555
127	561
127	568
127	573
127	576
127	578
127	580
127	581
127	584
127	585
127	588
127	595
127	596
127	599
127	604
127	605
127	606
127	607
127	610
127	618
127	619
127	620
127	623
127	626
127	627
127	630
127	631
127	634
127	637
127	638
127	640
127	642
127	643
127	646
127	648
127	655
127	660
127	661
127	663
127	666
127	669
127	670
127	671
127	672
127	673
127	674
127	681
127	682
127	684
127	690
127	691
127	692
127	693
127	696
127	705
127	708
127	709
127	713
127	720
127	722
127	724
127	725
127	728
127	730
127	750
127	751
127	754
127	760
127	763
127	764
127	766
127	767
127	769
127	775
127	780
127	781
127	782
127	791
127	794
127	795
127	796
127	797
127	799
127	807
127	810
127	812
127	816
127	824
127	829
127	832
127	837
127	846
127	849
127	855
127	858
127	859
127	861
127	864
127	865
127	869
127	871
127	886
127	909
127	910
127	911
127	912
127	913
127	914
127	915
127	916
127	918
127	919
127	920
127	921
127	922
127	923
127	924
127	925
128	137
128	190
128	218
128	225
128	246
128	265
128	323
128	326
128	396
128	439
128	460
128	503
128	610
128	648
128	724
129	56
129	59
129	94
129	144
129	234
129	296
129	395
129	426
129	592
129	724
129	726
130	478
130	603
130	767
130	872
131	76
131	271
131	382
131	694
131	861
132	1
132	2
132	5
132	9
132	10
132	12
132	14
132	15
132	16
132	19
132	21
132	22
132	25
132	26
132	28
132	29
132	37
132	38
132	39
132	40
132	41
132	42
132	43
132	44
132	47
132	48
132	49
132	50
132	52
132	53
132	54
132	55
132	56
132	57
132	59
132	60
132	61
132	62
132	63
132	64
132	65
132	66
132	67
132	68
132	69
132	72
132	73
132	74
132	75
132	76
132	77
132	78
132	81
132	86
132	87
132	89
132	90
132	94
132	95
132	96
132	97
132	99
132	100
132	101
132	103
132	104
132	108
132	109
132	114
132	116
132	118
132	119
132	120
132	147
132	148
132	153
132	165
132	166
132	179
132	190
132	192
132	194
132	201
132	212
132	218
132	224
132	225
132	248
132	254
132	259
132	260
132	268
132	312
132	313
132	324
132	328
132	336
132	345
132	368
132	396
132	458
132	521
132	542
132	575
132	591
132	648
132	693
132	713
132	739
132	756
132	763
132	774
132	793
132	916
132	927
132	928
132	929
132	930
133	0
133	1
133	2
133	3
133	4
133	5
133	6
133	8
133	9
133	10
133	11
133	12
133	13
133	14
133	15
133	18
133	19
133	24
133	25
133	26
133	27
133	28
133	29
133	30
133	38
133	39
133	41
133	42
133	43
133	44
133	46
133	49
133	50
133	51
133	52
133	53
133	56
133	57
133	59
133	60
133	62
133	63
133	64
133	65
133	66
133	69
133	70
133	72
133	73
133	75
133	76
133	77
133	78
133	79
133	80
133	81
133	82
133	85
133	86
133	87
133	88
133	89
133	90
133	91
133	92
133	94
133	95
133	96
133	97
133	99
133	100
133	101
133	102
133	103
133	104
133	105
133	107
133	108
133	109
133	115
133	116
133	117
133	118
133	119
133	137
133	138
133	139
133	143
133	145
133	147
133	150
133	164
133	165
133	166
133	168
133	321
135	1
135	2
135	7
135	8
135	9
135	10
135	11
135	12
135	13
135	14
135	15
135	19
135	23
135	24
135	25
135	28
135	29
135	37
135	38
135	39
135	40
135	41
135	42
135	43
135	44
135	45
135	46
135	49
135	50
135	51
135	52
135	53
135	54
135	55
135	56
135	57
135	58
135	59
135	60
135	61
135	62
135	63
135	64
135	65
135	68
135	69
135	72
135	75
135	76
135	77
135	78
135	79
135	81
135	82
135	85
135	87
135	89
135	92
135	94
135	95
135	96
135	97
135	99
135	101
135	103
135	104
135	106
135	108
135	109
135	113
135	114
135	115
135	116
135	118
135	119
135	120
135	137
135	147
135	148
135	150
135	153
135	163
135	165
135	170
135	172
135	173
135	174
135	175
135	184
135	736
135	739
135	742
135	744
135	929
136	72
136	117
136	121
136	146
136	155
136	200
136	274
137	89
137	114
137	123
137	132
137	154
137	232
137	267
137	294
137	339
137	343
137	378
137	390
137	396
137	419
137	474
137	479
137	496
137	549
137	591
137	683
137	774
137	931
137	934
137	938
137	939
137	940
138	14
138	17
138	19
138	38
138	63
138	73
138	95
138	97
138	99
138	104
138	108
138	120
138	150
139	0
139	1
139	2
139	3
139	4
139	5
139	6
139	8
139	9
139	10
139	11
139	12
139	13
139	14
139	15
139	16
139	17
139	19
139	21
139	22
139	23
139	24
139	25
139	26
139	28
139	29
139	30
139	31
139	32
139	33
139	34
139	35
139	36
139	37
139	38
139	39
139	40
139	41
139	42
139	43
139	44
139	46
139	47
139	48
139	49
139	50
139	51
139	53
139	54
139	55
139	56
139	57
139	58
139	59
139	60
139	61
139	62
139	63
139	64
139	65
139	67
139	68
139	69
139	70
139	71
139	72
139	73
139	74
139	75
139	76
139	77
139	78
139	79
139	80
139	81
139	82
139	83
139	85
139	86
139	87
139	88
139	89
139	91
139	92
139	93
139	94
139	95
139	96
139	97
139	99
139	100
139	101
139	102
139	103
139	104
139	105
139	106
139	108
139	109
139	110
139	113
139	114
139	115
139	116
139	118
139	119
139	139
139	143
139	147
139	148
139	150
139	153
139	163
139	166
139	167
139	168
139	171
139	173
139	174
139	175
139	177
139	179
140	2
140	5
140	6
140	9
140	14
140	15
140	20
140	25
140	26
140	28
140	29
140	32
140	33
140	34
140	44
140	52
140	58
140	59
140	60
140	68
140	69
140	72
140	76
140	85
140	88
140	93
140	94
140	97
140	98
140	115
140	116
140	117
140	121
140	123
140	124
140	126
140	129
140	133
140	138
140	140
140	142
140	144
140	146
140	151
140	152
140	155
140	156
140	157
140	158
140	160
140	161
140	162
140	166
140	179
140	182
140	183
140	184
140	185
140	192
140	193
140	196
140	197
140	201
140	204
140	206
140	208
140	212
140	213
140	215
140	216
140	217
140	218
140	226
140	227
140	228
140	229
140	231
140	232
140	233
140	236
140	240
140	243
140	244
140	246
140	247
140	249
140	251
140	253
140	257
140	260
140	261
140	268
140	270
140	275
140	276
140	281
140	286
140	287
140	291
140	292
140	293
140	302
140	303
140	305
140	308
140	315
140	316
140	317
140	319
140	320
140	324
140	326
140	330
140	332
140	334
140	338
140	343
140	344
140	347
140	349
140	350
140	351
140	352
140	354
140	368
140	369
140	370
140	375
140	380
140	381
140	384
140	386
140	392
140	396
140	402
140	403
140	405
140	406
140	411
140	412
140	416
140	418
140	420
140	421
140	422
140	424
140	427
140	434
140	439
140	442
140	445
140	446
140	453
140	454
140	459
140	466
140	467
140	472
140	473
140	474
140	475
140	476
140	477
140	478
140	479
140	481
140	482
140	485
140	486
140	487
140	488
140	489
140	490
140	491
140	492
140	493
140	494
140	495
140	496
140	497
140	498
140	499
140	501
140	502
140	503
140	505
140	506
140	507
140	508
140	509
140	510
140	511
140	512
140	513
140	514
140	515
140	516
140	517
140	518
140	519
140	520
140	521
140	522
140	523
140	524
140	525
140	526
140	527
140	528
140	529
140	530
140	531
140	532
140	533
140	534
140	535
140	536
140	537
140	538
140	539
140	540
140	541
140	542
140	544
140	546
140	547
140	548
140	549
140	550
140	551
140	552
140	555
140	557
140	558
140	559
140	561
140	562
140	563
140	565
140	568
140	569
140	570
140	571
140	573
140	574
140	575
140	576
140	577
140	578
140	580
140	581
140	583
140	585
140	586
140	588
140	589
140	590
140	591
140	592
140	593
140	594
140	595
140	596
140	598
140	600
140	602
140	603
140	604
140	605
140	606
140	607
140	608
140	609
140	610
140	612
140	613
140	614
140	615
140	617
140	618
140	619
140	620
140	621
140	622
140	623
140	624
140	626
140	627
140	628
140	629
140	630
140	631
140	632
140	634
140	635
140	636
140	637
140	638
140	639
140	640
140	641
140	642
140	643
140	644
140	645
140	646
140	647
140	648
140	650
140	652
140	653
140	654
140	655
140	656
140	657
140	660
140	661
140	663
140	664
140	665
140	666
140	667
140	668
140	669
140	672
140	673
140	674
140	676
140	677
140	678
140	679
140	680
140	681
140	682
140	684
140	685
140	690
140	691
140	692
140	709
140	751
140	754
140	757
140	763
140	765
140	767
140	769
140	778
140	792
140	800
140	802
140	808
140	809
140	819
140	840
140	844
140	861
140	862
140	887
140	924
140	925
140	929
140	941
140	942
140	943
140	944
140	945
140	946
140	947
140	948
140	950
140	951
140	952
141	2
141	5
141	8
141	9
141	11
141	13
141	18
141	19
141	21
141	22
141	25
141	26
141	27
141	28
141	29
141	38
141	41
141	44
141	47
141	48
141	50
141	53
141	56
141	57
141	58
141	59
141	61
141	62
141	64
141	66
141	68
141	69
141	71
141	72
141	73
141	75
141	76
141	77
141	78
141	79
141	81
141	82
141	85
141	86
141	87
141	88
141	89
141	92
141	94
141	95
141	96
141	97
141	99
141	100
141	101
141	102
141	103
141	105
141	109
141	111
141	115
141	116
141	119
141	120
141	137
141	139
141	143
141	145
141	147
141	150
141	153
141	165
141	166
141	167
141	171
141	176
141	183
141	184
141	202
141	220
141	233
141	259
141	271
141	273
141	279
141	286
141	317
141	319
141	320
141	388
141	739
141	870
141	908
142	1
142	2
142	9
142	10
142	13
142	15
142	16
142	17
142	19
142	21
142	22
142	23
142	24
142	25
142	26
142	28
142	29
142	38
142	40
142	41
142	42
142	43
142	45
142	46
142	47
142	48
142	49
142	50
142	52
142	53
142	55
142	56
142	57
142	58
142	59
142	61
142	62
142	63
142	64
142	67
142	69
142	71
142	72
142	75
142	76
142	77
142	78
142	79
142	80
142	81
142	82
142	83
142	87
142	88
142	89
142	93
142	94
142	95
142	96
142	97
142	99
142	102
142	103
142	104
142	106
142	108
142	110
142	114
142	115
142	116
142	118
142	119
142	137
142	147
142	148
142	153
142	164
142	166
142	179
142	953
143	9
143	28
143	105
143	158
143	254
143	268
143	274
143	275
143	276
143	279
143	285
143	290
143	292
143	325
143	331
143	339
143	386
143	424
143	427
143	439
143	457
143	734
144	12
144	127
144	190
144	245
144	371
145	117
145	121
145	146
145	155
145	274
146	72
146	117
146	121
146	146
146	155
146	158
146	274
146	293
147	59
148	1
148	8
148	9
148	10
148	14
148	15
148	16
148	17
148	19
148	23
148	24
148	25
148	28
148	29
148	30
148	31
148	32
148	33
148	34
148	35
148	36
148	37
148	38
148	39
148	40
148	41
148	42
148	43
148	44
148	45
148	46
148	49
148	50
148	51
148	52
148	53
148	54
148	55
148	56
148	58
148	59
148	61
148	62
148	63
148	64
148	65
148	67
148	68
148	69
148	70
148	72
148	74
148	75
148	76
148	77
148	78
148	79
148	81
148	83
148	84
148	85
148	86
148	87
148	88
148	89
148	94
148	95
148	96
148	97
148	99
148	101
148	104
148	106
148	108
148	110
148	111
148	112
148	114
148	115
148	116
148	118
148	119
148	120
148	148
148	153
148	163
148	165
148	166
148	168
148	171
148	172
148	177
148	179
148	184
148	186
148	282
148	733
148	734
148	735
148	740
148	822
149	7
149	14
149	21
149	22
149	24
149	25
149	47
149	51
149	81
149	84
149	87
149	92
149	93
149	99
149	105
149	116
149	118
149	126
149	137
149	138
149	156
149	179
149	187
149	191
149	192
149	196
149	201
149	202
149	203
149	207
149	209
149	210
149	211
149	217
149	220
149	221
149	223
149	228
149	229
149	230
149	231
149	232
149	233
149	236
149	238
149	241
149	244
149	245
149	247
149	248
149	254
149	255
149	259
149	260
149	267
149	269
149	308
149	309
149	311
149	312
149	313
149	314
149	316
149	317
149	319
149	320
149	404
149	552
149	737
149	892
149	954
150	1
150	2
150	4
150	8
150	9
150	10
150	14
150	15
150	16
150	17
150	19
150	23
150	24
150	25
150	28
150	29
150	30
150	31
150	32
150	33
150	34
150	35
150	36
150	37
150	38
150	39
150	40
150	41
150	42
150	43
150	44
150	46
150	47
150	48
150	49
150	50
150	51
150	53
150	55
150	56
150	58
150	59
150	61
150	62
150	63
150	64
150	65
150	67
150	69
150	70
150	72
150	73
150	74
150	75
150	76
150	77
150	78
150	79
150	80
150	81
150	82
150	83
150	84
150	85
150	86
150	87
150	88
150	89
150	93
150	94
150	95
150	96
150	97
150	99
150	100
150	101
150	102
150	104
150	106
150	108
150	109
150	114
150	115
150	116
150	118
150	119
150	120
150	147
150	148
150	150
150	153
150	163
150	164
150	166
150	168
150	171
150	173
150	175
150	176
150	177
150	178
150	179
150	180
150	181
150	184
150	185
150	186
150	739
150	931
151	1
151	2
151	3
151	4
151	5
151	6
151	7
151	8
151	9
151	10
151	11
151	12
151	14
151	15
151	16
151	17
151	19
151	23
151	24
151	25
151	27
151	28
151	29
151	30
151	31
151	32
151	33
151	34
151	35
151	36
151	37
151	38
151	39
151	40
151	41
151	42
151	43
151	44
151	46
151	47
151	48
151	49
151	50
151	51
151	52
151	53
151	54
151	55
151	56
151	57
151	58
151	59
151	60
151	61
151	62
151	63
151	64
151	65
151	66
151	67
151	68
151	69
151	71
151	72
151	73
151	74
151	75
151	76
151	77
151	78
151	79
151	81
151	82
151	84
151	85
151	86
151	87
151	88
151	89
151	90
151	92
151	93
151	94
151	95
151	96
151	97
151	99
151	100
151	101
151	102
151	103
151	104
151	106
151	108
151	109
151	110
151	114
151	115
151	116
151	117
151	118
151	119
151	120
151	137
151	143
151	147
151	148
151	150
151	153
151	164
151	165
151	166
151	184
152	1
152	2
152	3
152	4
152	6
152	7
152	8
152	9
152	10
152	11
152	12
152	13
152	14
152	15
152	16
152	17
152	19
152	21
152	22
152	23
152	24
152	25
152	26
152	27
152	28
152	29
152	30
152	31
152	32
152	33
152	34
152	35
152	36
152	37
152	38
152	39
152	40
152	41
152	42
152	43
152	44
152	45
152	46
152	47
152	48
152	49
152	50
152	51
152	52
152	53
152	55
152	56
152	57
152	58
152	59
152	61
152	62
152	63
152	64
152	65
152	67
152	68
152	69
152	70
152	71
152	72
152	73
152	74
152	75
152	76
152	77
152	78
152	79
152	80
152	81
152	82
152	83
152	84
152	85
152	86
152	87
152	88
152	89
152	91
152	92
152	93
152	94
152	95
152	96
152	97
152	99
152	100
152	101
152	102
152	103
152	104
152	106
152	107
152	108
152	109
152	110
152	111
152	112
152	114
152	115
152	116
152	118
152	119
152	120
152	137
152	143
152	147
152	148
152	150
152	153
152	163
152	166
152	168
152	171
152	172
152	173
152	174
152	175
152	177
152	178
152	179
152	183
152	184
152	185
152	186
152	282
152	321
152	340
152	720
152	733
152	734
152	735
152	736
152	740
152	741
153	1
153	2
153	4
153	5
153	6
153	7
153	8
153	9
153	10
153	11
153	12
153	13
153	14
153	15
153	16
153	19
153	23
153	24
153	25
153	28
153	29
153	38
153	40
153	41
153	42
153	43
153	44
153	45
153	46
153	49
153	50
153	51
153	52
153	53
153	54
153	55
153	56
153	57
153	58
153	59
153	60
153	61
153	62
153	63
153	64
153	65
153	67
153	68
153	69
153	70
153	72
153	73
153	74
153	75
153	76
153	77
153	78
153	79
153	81
153	82
153	86
153	87
153	88
153	89
153	90
153	92
153	94
153	95
153	96
153	97
153	99
153	100
153	101
153	103
153	104
153	106
153	108
153	109
153	111
153	112
153	113
153	114
153	115
153	116
153	118
153	119
153	120
153	143
153	147
153	148
153	150
153	153
153	163
153	164
153	166
153	168
153	169
153	170
153	171
153	172
153	173
153	174
153	175
153	177
153	186
153	282
153	739
153	740
153	741
153	743
34	662
38	928
43	756
49	705
53	770
63	549
91	175
117	846
135	897
