1.00 1.00 0.00 1.00 0.00 0.00 0.00 1.00 0.00 1.00 0.00 1.00 0.00 0.00 0.00 0.00 0.00 0.00 0.00 1.00 1.00 0.00 0.00 0.00 0.00 1.00 0.00 0.00 0.00 0.00 0.00 0.00 0.00 0.00 0.00 0.00 0.00 0.00 0.00 0.00 0.00 0.00 0.00 0.00 0.00 0.00 1.00 0.00 0.00 0.00 1.00 0.00 0.00 0.00 0.00 0.00 0.00 0.00 0.00 0.00
1.00 143.00 1.00 91.00 1.00 67.00 1.00 1.00 1.00 34.00 0.00 11.00 4.00 10.00 8.00 6.00 45.00 6.00 10.00 61.00 20.00 5.00 11.00 4.00 12.00 1.00 0.00 1.00 70.00 9.00 3.00 4.00 28.00 3.00 44.00 12.00 15.00 4.00 11.00 1.00 0.00 1.00 3.00 0.00 4.00 2.00 38.00 0.00 0.00 1.00 72.00 20.00 0.00 0.00 0.00 2.00 1.00 4.00 1.00 2.00
0.00 1.00 2.00 2.00 0.00 1.00 0.00 0.00 0.00 1.00 0.00 1.00 0.00 0.00 1.00 0.00 2.00 0.00 1.00 2.00 1.00 0.00 0.00 0.00 0.00 0.00 0.00 0.00 2.00 0.00 0.00 1.00 1.00 0.00 1.00 0.00 0.00 0.00 0.00 0.00 0.00 0.00 1.00 0.00 1.00 0.00 1.00 0.00 0.00 0.00 2.00 0.00 0.00 0.00 0.00 0.00 0.00 0.00 0.00 0.00
1.00 91.00 2.00 280.00 5.00 152.00 2.00 1.00 2.00 66.00 1.00 24.00 5.00 25.00 13.00 11.00 104.00 9.00 16.00 129.00 52.00 5.00 32.00 11.00 19.00 1.00 1.00 1.00 142.00 23.00 6.00 6.00 45.00 13.00 78.00 20.00 30.00 7.00 23.00 2.00 2.00 3.00 3.00 1.00 5.00 2.00 81.00 2.00 0.00 3.00 146.00 29.00 1.00 1.00 1.00 4.00 4.00 4.00 1.00 2.00
0.00 1.00 0.00 5.00 5.00 5.00 0.00 0.00 0.00 3.00 0.00 1.00 0.00 1.00 0.00 2.00 3.00 1.00 1.00 5.00 4.00 1.00 1.00 2.00 1.00 0.00 0.00 0.00 5.00 0.00 0.00 0.00 2.00 1.00 2.00 1.00 2.00 0.00 2.00 0.00 0.00 1.00 0.00 0.00 0.00 0.00 1.00 0.00 0.00 0.00 4.00 2.00 0.00 0.00 0.00 0.00 0.00 0.00 0.00 1.00
0.00 67.00 1.00 152.00 5.00 271.00 1.00 0.00 1.00 50.00 0.00 18.00 5.00 17.00 8.00 10.00 84.00 5.00 11.00 101.00 37.00 5.00 19.00 8.00 18.00 0.00 1.00 0.00 228.00 8.00 6.00 5.00 39.00 13.00 63.00 16.00 23.00 4.00 24.00 1.00 2.00 2.00 2.00 1.00 3.00 2.00 56.00 1.00 0.00 3.00 116.00 23.00 0.00 1.00 0.00 2.00 2.00 3.00 1.00 1.00
0.00 1.00 0.00 2.00 0.00 1.00 2.00 0.00 0.00 1.00 0.00 0.00 0.00 0.00 0.00 0.00 1.00 0.00 0.00 1.00 0.00 0.00 0.00 0.00 0.00 0.00 0.00 0.00 1.00 0.00 0.00 0.00 0.00 0.00 2.00 0.00 0.00 2.00 1.00 0.00 0.00 0.00 0.00 0.00 0.00 0.00 2.00 0.00 0.00 0.00 1.00 0.00 0.00 0.00 0.00 0.00 0.00 0.00 0.00 0.00
1.00 1.00 0.00 1.00 0.00 0.00 0.00 1.00 0.00 1.00 0.00 1.00 0.00 0.00 0.00 0.00 0.00 0.00 0.00 1.00 1.00 0.00 0.00 0.00 0.00 1.00 0.00 0.00 0.00 0.00 0.00 0.00 0.00 0.00 0.00 0.00 0.00 0.00 0.00 0.00 0.00 0.00 0.00 0.00 0.00 0.00 1.00 0.00 0.00 0.00 1.00 0.00 0.00 0.00 0.00 0.00 0.00 0.00 0.00 0.00
0.00 1.00 0.00 2.00 0.00 1.00 0.00 0.00 3.00 1.00 0.00 0.00 1.00 1.00 0.00 0.00 1.00 1.00 1.00 1.00 0.00 0.00 1.00 0.00 0.00 0.00 0.00 0.00 1.00 1.00 0.00 0.00 0.00 0.00 1.00 0.00 1.00 0.00 0.00 0.00 0.00 0.00 0.00 0.00 1.00 0.00 2.00 0.00 0.00 0.00 1.00 1.00 0.00 0.00 0.00 0.00 0.00 0.00 0.00 0.00
1.00 34.00 1.00 66.00 3.00 50.00 1.00 1.00 1.00 79.00 0.00 11.00 3.00 9.00 5.00 2.00 28.00 6.00 8.00 53.00 11.00 2.00 10.00 4.00 9.00 1.00 0.00 0.00 57.00 5.00 3.00 3.00 17.00 6.00 32.00 8.00 14.00 6.00 12.00 1.00 1.00 2.00 2.00 1.00 2.00 0.00 28.00 1.00 0.00 1.00 49.00 10.00 0.00 1.00 1.00 2.00 1.00 0.00 0.00 1.00
0.00 0.00 0.00 1.00 0.00 0.00 0.00 0.00 0.00 0.00 2.00 0.00 0.00 0.00 0.00 0.00 0.00 0.00 0.00 1.00 0.00 0.00 0.00 0.00 0.00 0.00 0.00 0.00 0.00 0.00 0.00 0.00 0.00 0.00 0.00 0.00 0.00 0.00 0.00 0.00 0.00 0.00 0.00 0.00 0.00 0.00 0.00 0.00 0.00 0.00 0.00 0.00 0.00 0.00 0.00 0.00 0.00 0.00 0.00 0.00
1.00 11.00 1.00 24.00 1.00 18.00 0.00 1.00 0.00 11.00 0.00 27.00 2.00 4.00 3.00 2.00 13.00 2.00 5.00 20.00 8.00 1.00 4.00 0.00 5.00 1.00 0.00 1.00 20.00 1.00 0.00 0.00 5.00 4.00 16.00 2.00 3.00 2.00 4.00 1.00 0.00 2.00 1.00 1.00 1.00 0.00 10.00 1.00 0.00 1.00 18.00 3.00 0.00 0.00 0.00 1.00 0.00 2.00 0.00 1.00
0.00 4.00 0.00 5.00 0.00 5.00 0.00 0.00 1.00 3.00 0.00 2.00 5.00 2.00 1.00 0.00 4.00 1.00 3.00 5.00 1.00 0.00 2.00 0.00 0.00 0.00 0.00 0.00 5.00 0.00 0.00 0.00 2.00 1.00 4.00 0.00 1.00 0.00 2.00 0.00 0.00 0.00 1.00 0.00 1.00 0.00 3.00 0.00 0.00 0.00 4.00 1.00 0.00 0.00 0.00 0.00 0.00 1.00 0.00 0.00
0.00 10.00 0.00 25.00 1.00 17.00 0.00 0.00 1.00 9.00 0.00 4.00 2.00 25.00 0.00 0.00 24.00 2.00 1.00 14.00 5.00 2.00 21.00 2.00 2.00 0.00 1.00 0.00 16.00 1.00 1.00 0.00 5.00 2.00 12.00 2.00 7.00 1.00 5.00 2.00 0.00 0.00 2.00 0.00 2.00 1.00 8.00 0.00 0.00 0.00 17.00 3.00 1.00 0.00 0.00 0.00 1.00 2.00 1.00 0.00
0.00 8.00 1.00 13.00 0.00 8.00 0.00 0.00 0.00 5.00 0.00 3.00 1.00 0.00 15.00 0.00 15.00 1.00 15.00 9.00 3.00 0.00 0.00 0.00 3.00 0.00 0.00 0.00 11.00 2.00 0.00 1.00 6.00 0.00 11.00 3.00 3.00 1.00 1.00 0.00 0.00 0.00 0.00 0.00 0.00 0.00 7.00 0.00 0.00 0.00 13.00 3.00 0.00 0.00 0.00 0.00 0.00 2.00 0.00 0.00
0.00 6.00 0.00 11.00 2.00 10.00 0.00 0.00 0.00 2.00 0.00 2.00 0.00 0.00 0.00 14.00 14.00 1.00 1.00 7.00 5.00 0.00 0.00 0.00 1.00 0.00 0.00 0.00 11.00 0.00 2.00 0.00 3.00 2.00 5.00 2.00 1.00 0.00 3.00 0.00 1.00 1.00 0.00 0.00 0.00 0.00 1.00 0.00 0.00 0.00 8.00 2.00 0.00 0.00 0.00 0.00 0.00 0.00 0.00 1.00
0.00 45.00 2.00 104.00 3.00 84.00 1.00 0.00 1.00 28.00 0.00 13.00 4.00 24.00 15.00 14.00 113.00 7.00 18.00 59.00 26.00 3.00 22.00 5.00 11.00 0.00 0.00 0.00 73.00 8.00 4.00 5.00 30.00 8.00 48.00 13.00 15.00 4.00 17.00 2.00 1.00 2.00 3.00 0.00 4.00 1.00 36.00 0.00 0.00 2.00 75.00 13.00 1.00 0.00 0.00 0.00 1.00 4.00 1.00 1.00
0.00 6.00 0.00 9.00 1.00 5.00 0.00 0.00 1.00 6.00 0.00 2.00 1.00 2.00 1.00 1.00 7.00 9.00 3.00 8.00 1.00 0.00 2.00 1.00 1.00 0.00 0.00 0.00 9.00 1.00 2.00 0.00 4.00 0.00 5.00 2.00 4.00 1.00 2.00 0.00 0.00 2.00 0.00 0.00 2.00 0.00 6.00 0.00 0.00 0.00 8.00 2.00 0.00 0.00 0.00 0.00 0.00 0.00 0.00 1.00
0.00 10.00 1.00 16.00 1.00 11.00 0.00 0.00 1.00 8.00 0.00 5.00 3.00 1.00 15.00 1.00 18.00 3.00 18.00 12.00 4.00 0.00 1.00 0.00 4.00 0.00 0.00 0.00 14.00 2.00 0.00 1.00 7.00 1.00 14.00 4.00 4.00 1.00 2.00 0.00 0.00 1.00 0.00 0.00 1.00 0.00 9.00 0.00 0.00 0.00 15.00 5.00 0.00 0.00 0.00 0.00 0.00 2.00 0.00 1.00
1.00 61.00 2.00 129.00 5.00 101.00 1.00 1.00 1.00 53.00 1.00 20.00 5.00 14.00 9.00 7.00 59.00 8.00 12.00 188.00 34.00 4.00 23.00 11.00 14.00 1.00 1.00 0.00 110.00 11.00 3.00 5.00 37.00 10.00 62.00 16.00 21.00 6.00 17.00 2.00 2.00 3.00 3.00 1.00 4.00 1.00 56.00 2.00 0.00 3.00 93.00 22.00 0.00 1.00 0.00 3.00 3.00 4.00 1.00 1.00
1.00 20.00 1.00 52.00 4.00 37.00 0.00 1.00 0.00 11.00 0.00 8.00 1.00 5.00 3.00 5.00 26.00 1.00 4.00 34.00 58.00 1.00 8.00 2.00 3.00 1.00 0.00 0.00 34.00 4.00 2.00 2.00 11.00 4.00 24.00 7.00 5.00 0.00 7.00 0.00 2.00 2.00 0.00 1.00 2.00 1.00 22.00 2.00 0.00 2.00 39.00 11.00 0.00 1.00 1.00 1.00 2.00 3.00 1.00 1.00
0.00 5.00 0.00 5.00 1.00 5.00 0.00 0.00 0.00 2.00 0.00 1.00 0.00 2.00 0.00 0.00 3.00 0.00 0.00 4.00 1.00 7.00 1.00 2.00 1.00 0.00 0.00 0.00 4.00 0.00 0.00 0.00 3.00 2.00 3.00 0.00 1.00 0.00 0.00 0.00 0.00 0.00 0.00 0.00 0.00 0.00 2.00 0.00 0.00 0.00 4.00 1.00 0.00 0.00 0.00 0.00 0.00 1.00 0.00 0.00
0.00 11.00 0.00 32.00 1.00 19.00 0.00 0.00 1.00 10.00 0.00 4.00 2.00 21.00 0.00 0.00 22.00 2.00 1.00 23.00 8.00 1.00 35.00 3.00 3.00 0.00 0.00 0.00 20.00 1.00 1.00 0.00 5.00 2.00 10.00 1.00 9.00 1.00 6.00 2.00 0.00 0.00 2.00 0.00 2.00 0.00 11.00 1.00 0.00 0.00 18.00 3.00 1.00 0.00 0.00 0.00 2.00 0.00 0.00 0.00
0.00 4.00 0.00 11.00 2.00 8.00 0.00 0.00 0.00 4.00 0.00 0.00 0.00 2.00 0.00 0.00 5.00 1.00 0.00 11.00 2.00 2.00 3.00 12.00 3.00 0.00 0.00 0.00 11.00 1.00 1.00 0.00 3.00 2.00 4.00 1.00 1.00 0.00 2.00 0.00 0.00 0.00 0.00 0.00 0.00 0.00 4.00 0.00 0.00 0.00 7.00 1.00 0.00 0.00 0.00 0.00 1.00 0.00 0.00 0.00
0.00 12.00 0.00 19.00 1.00 18.00 0.00 0.00 0.00 9.00 0.00 5.00 0.00 2.00 3.00 1.00 11.00 1.00 4.00 14.00 3.00 1.00 3.00 3.00 27.00 0.00 0.00 1.00 17.00 2.00 0.00 0.00 4.00 1.00 9.00 2.00 3.00 0.00 2.00 0.00 0.00 1.00 0.00 0.00 1.00 0.00 9.00 0.00 0.00 0.00 12.00 5.00 0.00 0.00 0.00 0.00 0.00 0.00 0.00 1.00
1.00 1.00 0.00 1.00 0.00 0.00 0.00 1.00 0.00 1.00 0.00 1.00 0.00 0.00 0.00 0.00 0.00 0.00 0.00 1.00 1.00 0.00 0.00 0.00 0.00 1.00 0.00 0.00 0.00 0.00 0.00 0.00 0.00 0.00 0.00 0.00 0.00 0.00 0.00 0.00 0.00 0.00 0.00 0.00 0.00 0.00 1.00 0.00 0.00 0.00 1.00 0.00 0.00 0.00 0.00 0.00 0.00 0.00 0.00 0.00
0.00 0.00 0.00 1.00 0.00 1.00 0.00 0.00 0.00 0.00 0.00 0.00 0.00 1.00 0.00 0.00 0.00 0.00 0.00 1.00 0.00 0.00 0.00 0.00 0.00 0.00 1.00 0.00 1.00 0.00 0.00 0.00 0.00 0.00 0.00 0.00 0.00 0.00 0.00 0.00 0.00 0.00 0.00 0.00 0.00 0.00 0.00 0.00 0.00 0.00 0.00 0.00 0.00 0.00 0.00 0.00 0.00 0.00 0.00 0.00
0.00 1.00 0.00 1.00 0.00 0.00 0.00 0.00 0.00 0.00 0.00 1.00 0.00 0.00 0.00 0.00 0.00 0.00 0.00 0.00 0.00 0.00 0.00 0.00 1.00 0.00 0.00 1.00 0.00 0.00 0.00 0.00 0.00 0.00 0.00 0.00 0.00 0.00 0.00 0.00 0.00 0.00 0.00 0.00 0.00 0.00 0.00 0.00 0.00 0.00 1.00 0.00 0.00 0.00 0.00 0.00 0.00 0.00 0.00 0.00
0.00 70.00 2.00 142.00 5.00 228.00 1.00 0.00 1.00 57.00 0.00 20.00 5.00 16.00 11.00 11.00 73.00 9.00 14.00 110.00 34.00 4.00 20.00 11.00 17.00 0.00 1.00 0.00 284.00 6.00 4.00 5.00 37.00 12.00 66.00 16.00 24.00 5.00 25.00 2.00 2.00 3.00 3.00 1.00 4.00 1.00 60.00 1.00 0.00 3.00 109.00 21.00 0.00 1.00 0.00 1.00 2.00 3.00 1.00 1.00
0.00 9.00 0.00 23.00 0.00 8.00 0.00 0.00 1.00 5.00 0.00 1.00 0.00 1.00 2.00 0.00 8.00 1.00 2.00 11.00 4.00 0.00 1.00 1.00 2.00 0.00 0.00 0.00 6.00 27.00 0.00 1.00 3.00 1.00 6.00 4.00 2.00 1.00 1.00 0.00 0.00 0.00 0.00 0.00 0.00 0.00 14.00 0.00 0.00 0.00 10.00 3.00 0.00 0.00 0.00 0.00 0.00 0.00 0.00 0.00
0.00 3.00 0.00 6.00 0.00 6.00 0.00 0.00 0.00 3.00 0.00 0.00 0.00 1.00 0.00 2.00 4.00 2.00 0.00 3.00 2.00 0.00 1.00 1.00 0.00 0.00 0.00 0.00 4.00 0.00 8.00 0.00 1.00 1.00 2.00 1.00 1.00 1.00 1.00 0.00 0.00 0.00 0.00 0.00 0.00 0.00 0.00 0.00 0.00 0.00 4.00 2.00 0.00 0.00 0.00 0.00 0.00 0.00 0.00 0.00
0.00 4.00 1.00 6.00 0.00 5.00 0.00 0.00 0.00 3.00 0.00 0.00 0.00 0.00 1.00 0.00 5.00 0.00 1.00 5.00 2.00 0.00 0.00 0.00 0.00 0.00 0.00 0.00 5.00 1.00 0.00 6.00 4.00 0.00 5.00 3.00 3.00 1.00 0.00 0.00 0.00 0.00 1.00 0.00 1.00 0.00 6.00 0.00 0.00 0.00 6.00 1.00 0.00 0.00 0.00 0.00 0.00 0.00 0.00 0.00
0.00 28.00 1.00 45.00 2.00 39.00 0.00 0.00 0.00 17.00 0.00 5.00 2.00 5.00 6.00 3.00 30.00 4.00 7.00 37.00 11.00 3.00 5.00 3.00 4.00 0.00 0.00 0.00 37.00 3.00 1.00 4.00 54.00 4.00 22.00 11.00 12.00 1.00 8.00 1.00 0.00 1.00 1.00 0.00 1.00 1.00 17.00 0.00 0.00 0.00 39.00 8.00 0.00 0.00 0.00 0.00 1.00 4.00 1.00 1.00
0.00 3.00 0.00 13.00 1.00 13.00 0.00 0.00 0.00 6.00 0.00 4.00 1.00 2.00 0.00 2.00 8.00 0.00 1.00 10.00 4.00 2.00 2.00 2.00 1.00 0.00 0.00 0.00 12.00 1.00 1.00 0.00 4.00 15.00 6.00 3.00 3.00 0.00 1.00 0.00 0.00 0.00 0.00 0.00 0.00 0.00 7.00 0.00 0.00 0.00 9.00 0.00 0.00 0.00 0.00 0.00 0.00 0.00 0.00 0.00
0.00 44.00 1.00 78.00 2.00 63.00 2.00 0.00 1.00 32.00 0.00 16.00 4.00 12.00 11.00 5.00 48.00 5.00 14.00 62.00 24.00 3.00 10.00 4.00 9.00 0.00 0.00 0.00 66.00 6.00 2.00 5.00 22.00 6.00 92.00 14.00 15.00 5.00 10.00 1.00 1.00 3.00 2.00 1.00 3.00 1.00 39.00 1.00 0.00 2.00 59.00 13.00 0.00 0.00 0.00 1.00 1.00 4.00 1.00 1.00
0.00 12.00 0.00 20.00 1.00 16.00 0.00 0.00 0.00 8.00 0.00 2.00 0.00 2.00 3.00 2.00 13.00 2.00 4.00 16.00 7.00 0.00 1.00 1.00 2.00 0.00 0.00 0.00 16.00 4.00 1.00 3.00 11.00 3.00 14.00 21.00 4.00 1.00 2.00 0.00 0.00 1.00 0.00 0.00 0.00 1.00 11.00 0.00 0.00 0.00 14.00 7.00 0.00 0.00 0.00 0.00 1.00 1.00 1.00 1.00
0.00 15.00 0.00 30.00 2.00 23.00 0.00 0.00 1.00 14.00 0.00 3.00 1.00 7.00 3.00 1.00 15.00 4.00 4.00 21.00 5.00 1.00 9.00 1.00 3.00 0.00 0.00 0.00 24.00 2.00 1.00 3.00 12.00 3.00 15.00 4.00 38.00 2.00 4.00 0.00 0.00 1.00 0.00 0.00 2.00 1.00 13.00 1.00 0.00 0.00 28.00 4.00 0.00 0.00 0.00 0.00 1.00 2.00 1.00 0.00
0.00 4.00 0.00 7.00 0.00 4.00 2.00 0.00 0.00 6.00 0.00 2.00 0.00 1.00 1.00 0.00 4.00 1.00 1.00 6.00 0.00 0.00 1.00 0.00 0.00 0.00 0.00 0.00 5.00 1.00 1.00 1.00 1.00 0.00 5.00 1.00 2.00 7.00 2.00 1.00 0.00 1.00 1.00 0.00 1.00 0.00 4.00 0.00 0.00 0.00 5.00 1.00 0.00 0.00 0.00 0.00 0.00 0.00 0.00 0.00
0.00 11.00 0.00 23.00 2.00 24.00 1.00 0.00 0.00 12.00 0.00 4.00 2.00 5.00 1.00 3.00 17.00 2.00 2.00 17.00 7.00 0.00 6.00 2.00 2.00 0.00 0.00 0.00 25.00 1.00 1.00 0.00 8.00 1.00 10.00 2.00 4.00 2.00 29.00 1.00 2.00 1.00 2.00 0.00 0.00 0.00 9.00 0.00 0.00 1.00 22.00 3.00 0.00 1.00 0.00 0.00 1.00 1.00 0.00 1.00
0.00 1.00 0.00 2.00 0.00 1.00 0.00 0.00 0.00 1.00 0.00 1.00 0.00 2.00 0.00 0.00 2.00 0.00 0.00 2.00 0.00 0.00 2.00 0.00 0.00 0.00 0.00 0.00 2.00 0.00 0.00 0.00 1.00 0.00 1.00 0.00 0.00 1.00 1.00 2.00 0.00 0.00 1.00 0.00 0.00 0.00 1.00 0.00 0.00 0.00 1.00 0.00 0.00 0.00 0.00 0.00 0.00 0.00 0.00 0.00
0.00 0.00 0.00 2.00 0.00 2.00 0.00 0.00 0.00 1.00 0.00 0.00 0.00 0.00 0.00 1.00 1.00 0.00 0.00 2.00 2.00 0.00 0.00 0.00 0.00 0.00 0.00 0.00 2.00 0.00 0.00 0.00 0.00 0.00 1.00 0.00 0.00 0.00 2.00 0.00 2.00 0.00 0.00 0.00 0.00 0.00 1.00 0.00 0.00 0.00 2.00 0.00 0.00 1.00 0.00 0.00 1.00 0.00 0.00 0.00
0.00 1.00 0.00 3.00 1.00 2.00 0.00 0.00 0.00 2.00 0.00 2.00 0.00 0.00 0.00 1.00 2.00 2.00 1.00 3.00 2.00 0.00 0.00 0.00 1.00 0.00 0.00 0.00 3.00 0.00 0.00 0.00 1.00 0.00 3.00 1.00 1.00 1.00 1.00 0.00 0.00 3.00 0.00 0.00 1.00 0.00 2.00 0.00 0.00 0.00 3.00 1.00 0.00 0.00 0.00 0.00 0.00 0.00 0.00 1.00
0.00 3.00 1.00 3.00 0.00 2.00 0.00 0.00 0.00 2.00 0.00 1.00 1.00 2.00 0.00 0.00 3.00 0.00 0.00 3.00 0.00 0.00 2.00 0.00 0.00 0.00 0.00 0.00 3.00 0.00 0.00 1.00 1.00 0.00 2.00 0.00 0.00 1.00 2.00 1.00 0.00 0.00 3.00 0.00 1.00 0.00 3.00 0.00 0.00 0.00 3.00 0.00 0.00 0.00 0.00 0.00 0.00 0.00 0.00 0.00
0.00 0.00 0.00 1.00 0.00 1.00 0.00 0.00 0.00 1.00 0.00 1.00 0.00 0.00 0.00 0.00 0.00 0.00 0.00 1.00 1.00 0.00 0.00 0.00 0.00 0.00 0.00 0.00 1.00 0.00 0.00 0.00 0.00 0.00 1.00 0.00 0.00 0.00 0.00 0.00 0.00 0.00 0.00 1.00 0.00 0.00 1.00 1.00 0.00 1.00 1.00 0.00 0.00 0.00 0.00 0.00 0.00 0.00 0.00 0.00
0.00 4.00 1.00 5.00 0.00 3.00 0.00 0.00 1.00 2.00 0.00 1.00 1.00 2.00 0.00 0.00 4.00 2.00 1.00 4.00 2.00 0.00 2.00 0.00 1.00 0.00 0.00 0.00 4.00 0.00 0.00 1.00 1.00 0.00 3.00 0.00 2.00 1.00 0.00 0.00 0.00 1.00 1.00 0.00 5.00 0.00 2.00 0.00 0.00 0.00 4.00 2.00 0.00 0.00 0.00 0.00 0.00 0.00 0.00 0.00
0.00 2.00 0.00 2.00 0.00 2.00 0.00 0.00 0.00 0.00 0.00 0.00 0.00 1.00 0.00 0.00 1.00 0.00 0.00 1.00 1.00 0.00 0.00 0.00 0.00 0.00 0.00 0.00 1.00 0.00 0.00 0.00 1.00 0.00 1.00 1.00 1.00 0.00 0.00 0.00 0.00 0.00 0.00 0.00 0.00 2.00 1.00 0.00 0.00 0.00 1.00 1.00 0.00 0.00 0.00 0.00 0.00 1.00 1.00 0.00
1.00 38.00 1.00 81.00 1.00 56.00 2.00 1.00 2.00 28.00 0.00 10.00 3.00 8.00 7.00 1.00 36.00 6.00 9.00 56.00 22.00 2.00 11.00 4.00 9.00 1.00 0.00 0.00 60.00 14.00 0.00 6.00 17.00 7.00 39.00 11.00 13.00 4.00 9.00 1.00 1.00 2.00 3.00 1.00 2.00 1.00 95.00 2.00 0.00 1.00 54.00 9.00 0.00 1.00 0.00 3.00 2.00 3.00 1.00 1.00
0.00 0.00 0.00 2.00 0.00 1.00 0.00 0.00 0.00 1.00 0.00 1.00 0.00 0.00 0.00 0.00 0.00 0.00 0.00 2.00 2.00 0.00 1.00 0.00 0.00 0.00 0.00 0.00 1.00 0.00 0.00 0.00 0.00 0.00 1.00 0.00 1.00 0.00 0.00 0.00 0.00 0.00 0.00 1.00 0.00 0.00 2.00 2.00 0.00 1.00 1.00 0.00 0.00 0.00 0.00 0.00 1.00 0.00 0.00 0.00
0.00 0.00 0.00 0.00 0.00 0.00 0.00 0.00 0.00 0.00 0.00 0.00 0.00 0.00 0.00 0.00 0.00 0.00 0.00 0.00 0.00 0.00 0.00 0.00 0.00 0.00 0.00 0.00 0.00 0.00 0.00 0.00 0.00 0.00 0.00 0.00 0.00 0.00 0.00 0.00 0.00 0.00 0.00 0.00 0.00 0.00 0.00 0.00 0.00 0.00 0.00 0.00 0.00 0.00 0.00 0.00 0.00 0.00 0.00 0.00
0.00 1.00 0.00 3.00 0.00 3.00 0.00 0.00 0.00 1.00 0.00 1.00 0.00 0.00 0.00 0.00 2.00 0.00 0.00 3.00 2.00 0.00 0.00 0.00 0.00 0.00 0.00 0.00 3.00 0.00 0.00 0.00 0.00 0.00 2.00 0.00 0.00 0.00 1.00 0.00 0.00 0.00 0.00 1.00 0.00 0.00 1.00 1.00 0.00 3.00 2.00 0.00 0.00 0.00 0.00 0.00 0.00 0.00 0.00 0.00
1.00 72.00 2.00 146.00 4.00 116.00 1.00 1.00 1.00 49.00 0.00 18.00 4.00 17.00 13.00 8.00 75.00 8.00 15.00 93.00 39.00 4.00 18.00 7.00 12.00 1.00 0.00 1.00 109.00 10.00 4.00 6.00 39.00 9.00 59.00 14.00 28.00 5.00 22.00 1.00 2.00 3.00 3.00 1.00 4.00 1.00 54.00 1.00 0.00 2.00 223.00 18.00 1.00 1.00 1.00 2.00 3.00 4.00 1.00 2.00
0.00 20.00 0.00 29.00 2.00 23.00 0.00 0.00 1.00 10.00 0.00 3.00 1.00 3.00 3.00 2.00 13.00 2.00 5.00 22.00 11.00 1.00 3.00 1.00 5.00 0.00 0.00 0.00 21.00 3.00 2.00 1.00 8.00 0.00 13.00 7.00 4.00 1.00 3.00 0.00 0.00 1.00 0.00 0.00 2.00 1.00 9.00 0.00 0.00 0.00 18.00 39.00 0.00 0.00 1.00 0.00 0.00 2.00 1.00 1.00
0.00 0.00 0.00 1.00 0.00 0.00 0.00 0.00 0.00 0.00 0.00 0.00 0.00 1.00 0.00 0.00 1.00 0.00 0.00 0.00 0.00 0.00 1.00 0.00 0.00 0.00 0.00 0.00 0.00 0.00 0.00 0.00 0.00 0.00 0.00 0.00 0.00 0.00 0.00 0.00 0.00 0.00 0.00 0.00 0.00 0.00 0.00 0.00 0.00 0.00 1.00 0.00 1.00 0.00 0.00 0.00 1.00 0.00 0.00 0.00
0.00 0.00 0.00 1.00 0.00 1.00 0.00 0.00 0.00 1.00 0.00 0.00 0.00 0.00 0.00 0.00 0.00 0.00 0.00 1.00 1.00 0.00 0.00 0.00 0.00 0.00 0.00 0.00 1.00 0.00 0.00 0.00 0.00 0.00 0.00 0.00 0.00 0.00 1.00 0.00 1.00 0.00 0.00 0.00 0.00 0.00 1.00 0.00 0.00 0.00 1.00 0.00 0.00 1.00 0.00 0.00 1.00 0.00 0.00 0.00
0.00 0.00 0.00 1.00 0.00 0.00 0.00 0.00 0.00 1.00 0.00 0.00 0.00 0.00 0.00 0.00 0.00 0.00 0.00 0.00 1.00 0.00 0.00 0.00 0.00 0.00 0.00 0.00 0.00 0.00 0.00 0.00 0.00 0.00 0.00 0.00 0.00 0.00 0.00 0.00 0.00 0.00 0.00 0.00 0.00 0.00 0.00 0.00 0.00 0.00 1.00 1.00 0.00 0.00 1.00 0.00 0.00 0.00 0.00 0.00
0.00 2.00 0.00 4.00 0.00 2.00 0.00 0.00 0.00 2.00 0.00 1.00 0.00 0.00 0.00 0.00 0.00 0.00 0.00 3.00 1.00 0.00 0.00 0.00 0.00 0.00 0.00 0.00 1.00 0.00 0.00 0.00 0.00 0.00 1.00 0.00 0.00 0.00 0.00 0.00 0.00 0.00 0.00 0.00 0.00 0.00 3.00 0.00 0.00 0.00 2.00 0.00 0.00 0.00 0.00 4.00 0.00 0.00 0.00 0.00
0.00 1.00 0.00 4.00 0.00 2.00 0.00 0.00 0.00 1.00 0.00 0.00 0.00 1.00 0.00 0.00 1.00 0.00 0.00 3.00 2.00 0.00 2.00 1.00 0.00 0.00 0.00 0.00 2.00 0.00 0.00 0.00 1.00 0.00 1.00 1.00 1.00 0.00 1.00 0.00 1.00 0.00 0.00 0.00 0.00 0.00 2.00 1.00 0.00 0.00 3.00 0.00 1.00 1.00 0.00 0.00 4.00 0.00 0.00 0.00
0.00 4.00 0.00 4.00 0.00 3.00 0.00 0.00 0.00 0.00 0.00 2.00 1.00 2.00 2.00 0.00 4.00 0.00 2.00 4.00 3.00 1.00 0.00 0.00 0.00 0.00 0.00 0.00 3.00 0.00 0.00 0.00 4.00 0.00 4.00 1.00 2.00 0.00 1.00 0.00 0.00 0.00 0.00 0.00 0.00 1.00 3.00 0.00 0.00 0.00 4.00 2.00 0.00 0.00 0.00 0.00 0.00 4.00 1.00 0.00
0.00 1.00 0.00 1.00 0.00 1.00 0.00 0.00 0.00 0.00 0.00 0.00 0.00 1.00 0.00 0.00 1.00 0.00 0.00 1.00 1.00 0.00 0.00 0.00 0.00 0.00 0.00 0.00 1.00 0.00 0.00 0.00 1.00 0.00 1.00 1.00 1.00 0.00 0.00 0.00 0.00 0.00 0.00 0.00 0.00 1.00 1.00 0.00 0.00 0.00 1.00 1.00 0.00 0.00 0.00 0.00 0.00 1.00 1.00 0.00
0.00 2.00 0.00 2.00 1.00 1.00 0.00 0.00 0.00 1.00 0.00 1.00 0.00 0.00 0.00 1.00 1.00 1.00 1.00 1.00 1.00 0.00 0.00 0.00 1.00 0.00 0.00 0.00 1.00 0.00 0.00 0.00 1.00 0.00 1.00 1.00 0.00 0.00 1.00 0.00 0.00 1.00 0.00 0.00 0.00 0.00 1.00 0.00 0.00 0.00 2.00 1.00 0.00 0.00 0.00 0.00 0.00 0.00 0.00 2.00
